C08100001802;18112008;42869401;1
C08100001802;18112008;52116002;12
C08100001802;18112008;41963001;3
C08100001802;18112008;41963002;3
C08100001802;18112008;41963003;6
C08100001802;18112008;41963004;14
C08100001802;18112008;43502001;1
C08100001802;18112008;42102801;25
C08100001802;18112008;52114502;9
C08100001802;18112008;42931701;1
C08100001802;18112008;52114501;4
C08100001802;18112008;43381718;1
C08100001802;18112008;43460202;1
C08100001802;18112008;42918901;2
C08100001802;18112008;42918902;4
C08100001802;18112008;42918903;2
C08100001802;18112008;42918904;1
C08100001802;18112008;43460203;1
C08100001802;18112008;41963604;1
C08100001802;18112008;41963601;1
C08100001802;18112008;43324417;1
C08100001802;18112008;43324418;2
C08100001802;18112008;41962801;1
C08100001802;18112008;41962802;2
C08100001802;18112008;41962803;1
C08100001802;18112008;41962804;6
C08100001802;18112008;41945501;1
C08100001802;18112008;42918101;2
C08100001802;18112008;42918102;1
C08100001802;18112008;42918103;1
C08100001802;18112008;42918104;1
C08100001802;18112008;43381717;1
C08100001802;18112008;43381718;1
C08100001802;18112008;43381719;1
C08100001802;18112008;43381720;2
C08100001802;18112008;43460201;1
C08100001802;18112008;43381902;1
C08100001802;18112008;42625501;1
C08100001802;18112008;50230120;1
C08100001802;18112008;41945601;1
C08100001802;18112008;42158711;3
C08100001802;18112008;42127401;5
C08100001802;18112008;42127404;11
C08100001802;18112008;43459301;1
C08100001802;18112008;43459303;1
C08100001802;18112008;43459304;1