C08090000914;14102008;41963001;5
C08090000914;14102008;41963002;6
C08090000914;14102008;41963003;6
C08090000914;14102008;41963004;8
C08090000914;14102008;41962801;3
C08090000914;14102008;41962802;1
C08090000914;14102008;41962803;3
C08090000914;14102008;41962804;2
C08090000914;14102008;41945501;2
C08090000914;14102008;41945601;1
C08090000914;14102008;42918101;3
C08090000914;14102008;42918102;2
C08090000914;14102008;42918103;2
C08090000914;14102008;42918104;2
C08090000914;14102008;42918901;4
C08090000914;14102008;42918902;6
C08090000914;14102008;42918903;7
C08090000914;14102008;42918904;4
C08090000914;14102008;43502001;3
 