C08090001139;14102008;41962801;2
C08090001139;14102008;41962802;2
C08090001139;14102008;41962803;1
C08090001139;14102008;41963401;2
C08090001139;14102008;41963402;1
C08090001139;14102008;41963403;1
C08090001139;14102008;41963404;1
C08090001139;14102008;41962804;4
C08090001139;14102008;42918101;1
C08090001139;14102008;42918104;1
C08090001139;14102008;42918102;1
C08090001139;14102008;42918103;1
C08090001139;14102008;43381703;1
C08090001139;14102008;52114502;1
C08090001139;14102008;43502001;3
C08090001139;14102008;42102801;1
C08090001139;14102008;42869401;1
C08090001139;14102008;42158601;1
C08090001139;14102008;42158711;2
C08090001139;14102008;41945501;1
C08090001139;14102008;43363401;1
C08090001139;14102008;42931601;1
C08090001139;14102008;43363401;1
C08090001139;14102008;42918984;1
C08090001139;14102008;41945601;1
C08090001139;14102008;43324418;8
C08090001139;14102008;43324419;7
C08090001139;14102008;43324417;7
C08090001139;14102008;43324420;9
C08090001139;14102008;42918901;4
C08090001139;14102008;42918902;3
C08090001139;14102008;42918903;1
C08090001139;14102008;42918904;2
C08090001139;14102008;43324401;2
C08090001139;14102008;43324402;2
C08090001139;14102008;43324403;1
C08090001139;14102008;43324404;3
C08090001139;14102008;42127401;3
C08090001139;14102008;42127402;3
C08090001139;14102008;42127403;3
C08090001139;14102008;42127404;3
C08090001139;14102008;41963601;1
C08090001139;14102008;41963602;1
C08090001139;14102008;41963603;2
C08090001139;14102008;41963604;1
C08090001139;14102008;42126601;1
C08090001139;14102008;42126602;1
C08090001139;14102008;42126603;1
C08090001139;14102008;42126604;2
C08090001139;14102008;41963001;6
C08090001139;14102008;41963002;3
C08090001139;14102008;41963003;4
C08090001139;14102008;41963004;5
C08090001139;14102008;43381717;2
C08090001139;14102008;43381718;2
C08090001139;14102008;43381719;1
C08090001139;14102008;43381720;2
 