C08110002062;16012009;41963001;1
C08110002062;16012009;41963002;2
C08110002062;16012009;41963003;2
C08110002062;16012009;41963004;6
C08110002062;16012009;43381717;1
C08110002062;16012009;43381718;1
C08110002062;16012009;43381719;1
C08110002062;16012009;43381720;1
C08110002062;16012009;41962802;1
C08110002062;16012009;41962803;1
C08110002062;16012009;41962804;2
C08110002062;16012009;42918902;1
C08110002062;16012009;42918903;1
C08110002062;16012009;42918904;1
C08110002062;16012009;41963401;1
C08110002062;16012009;41963401;1
C08110002062;16012009;41963402;1
C08110002062;16012009;41963403;1
C08110002062;16012009;41963404;1
C08110002062;16012009;52116002;47
C08110002062;16012009;52114502;40
C08110002062;16012009;43502001;4
C08110002062;16012009;42102901;3
C08110002062;16012009;43324417;1
C08110002062;16012009;43324418;1
C08110002062;16012009;43324419;3
