C08110003891;06022009;43324417;2
C08110003891;06022009;43324418;1
C08110003891;06022009;43324419;5
C08110003891;06022009;43324420;1
C08110003891;06022009;43381717;1
C08110003891;06022009;43381720;1
C08110003891;06022009;41962801;1
C08110003891;06022009;41962802;1
C08110003891;06022009;41962803;1
C08110003891;06022009;41962804;1
C08110003891;06022009;41963001;9
C08110003891;06022009;41963002;11
C08110003891;06022009;41963003;15
C08110003891;06022009;41963004;16
C08110003891;06022009;43487733;4
C08110003891;06022009;43487734;4
C08110003891;06022009;43487735;4
C08110003891;06022009;43487736;3
C08110003891;06022009;42918981;1
C08110003891;06022009;42918903;1
C08110003891;06022009;42918982;1
C08110003891;06022009;42918983;1
C08110003891;06022009;42918984;1
C08110003891;06022009;52116002;3
C08110003891;06022009;42127402;2
