C08120001026;23012009;43324417;25
C08120001026;23012009;43324418;21
C08120001026;23012009;43324419;18
C08120001026;23012009;43324420;20
C08120001026;23012009;43381717;8
C08120001026;23012009;43381718;6
C08120001026;23012009;43381719;8
C08120001026;23012009;43381720;10
C08120001026;23012009;50230120;4
C08120001026;23012009;42918101;3
C08120001026;23012009;42918102;3
C08120001026;23012009;42918103;3
C08120001026;23012009;42918104;3
C08120001026;23012009;52114502;11
C08120001026;23012009;43501901;24
C08120001026;23012009;42102801;5
C08120001026;23012009;43502001;52
C08120001026;23012009;42102901;33
C08120001026;23012009;52116101;15
C08120001026;23012009;43435701;2
C08120001026;23012009;43363401;3
C08120001026;23012009;42931601;2
C08120001026;23012009;BR10000092;6
