C08110000108;02122008;52114502;8
C08110000108;02122008;43324417;3
C08110000108;02122008;43324418;4
C08110000108;02122008;43324419;2
C08110000108;02122008;43324420;5
C08110000108;02122008;41963004;2
C08110000108;02122008;43487733;1
C08110000108;02122008;43487736;1
C08110000108;02122008;42127404;1
C08110000108;02122008;52115904;1
C08110000108;02122008;42127401;1
C08110000108;02122008;42127402;1
C08110000108;02122008;42918901;1
C08110000108;02122008;42102901;2
C08110000108;02122008;42102801;2
C08110000108;02122008;43501901;1
