C08100000750;06112008;42102901;13
C08100000750;06112008;52109001;1
C08100000750;06112008;42918901;2
C08100000750;06112008;42918902;3
C08100000750;06112008;42918903;5
C08100000750;06112008;42918904;5
C08100000750;06112008;42869401;5
C08100000750;06112008;41963001;5
C08100000750;06112008;41963002;7
C08100000750;06112008;41963004;6
C08100000750;06112008;41963003;4
C08100000750;06112008;42127401;1
C08100000750;06112008;42127402;1
C08100000750;06112008;42127403;2
C08100000750;06112008;42127404;6
C08100000750;06112008;42918103;4
C08100000750;06112008;42918104;5
 