C08120005528;03032009;43487733;6
C08120005528;03032009;43487734;9
C08120005528;03032009;43487735;6
C08120005528;03032009;43487736;8
C08120005528;03032009;43324417;14
C08120005528;03032009;43324418;10
C08120005528;03032009;43324419;16
C08120005528;03032009;43324420;12
C08120005528;03032009;43449025;1
C08120005528;03032009;43449026;1
C08120005528;03032009;43449027;1
C08120005528;03032009;43449028;1
C08120005528;03032009;43381717;1
C08120005528;03032009;43381718;1
C08120005528;03032009;43381719;1
C08120005528;03032009;43381720;6
C08120005528;03032009;41962801;1
C08120005528;03032009;41962802;1
C08120005528;03032009;41962803;1
C08120005528;03032009;41962804;1
C08120005528;03032009;52115902;1
C08120005528;03032009;52115903;2
C08120005528;03032009;42127402;1
C08120005528;03032009;42127403;1
C08120005528;03032009;42102801;1
C08120005528;03032009;56119203;1
C08120005528;03032009;42126603;1
C08120005528;03032009;43363201;1
C08120005528;03032009;50230120;2
