C08110000442;03032009;52116002;56
C08110000442;03032009;42918901;1
C08110000442;03032009;42918902;1
C08110000442;03032009;42918904;1
C08110000442;03032009;43324401;1
C08110000442;03032009;43324404;1
C08110000442;03032009;43324417;1
C08110000442;03032009;43324418;1
C08110000442;03032009;43324420;3
C08110000442;03032009;43381717;3
C08110000442;03032009;43381718;2
C08110000442;03032009;43381719;4
C08110000442;03032009;43381720;3
C08110000442;03032009;41963001;2
C08110000442;03032009;41963003;1
C08110000442;03032009;41963004;2
C08110000442;03032009;43502301;2
C08110000442;03032009;43381703;1
C08110000442;03032009;43381704;1
C08110000442;03032009;43502001;1
C08110000442;03032009;42918103;1
C08110000442;03032009;43501901;1
