C08100001306;18112008;43381901;3
C08100001306;18112008;43381902;2
C08100001306;18112008;43381903;1
C08100001306;18112008;43381904;7
C08100001306;18112008;43381704;4
C08100001306;18112008;42102901;71
C08100001306;18112008;42102801;15
C08100001306;18112008;42126601;1
C08100001306;18112008;42126602;1
C08100001306;18112008;42126603;1
C08100001306;18112008;42126604;2
C08100001306;18112008;42127401;2
C08100001306;18112008;42127402;1
C08100001306;18112008;42127404;2
C08100001306;18112008;43324401;5
C08100001306;18112008;43324402;8
C08100001306;18112008;43324403;8
C08100001306;18112008;43324404;13