C08120003908;09032009;41963001;7
C08120003908;09032009;41963002;9
C08120003908;09032009;41963003;10
C08120003908;09032009;41963004;14
C08120003908;09032009;41963601;1
C08120003908;09032009;41963602;3
C08120003908;09032009;41963603;3
C08120003908;09032009;41963604;2
C08120003908;09032009;42918901;2
C08120003908;09032009;42918902;3
C08120003908;09032009;42918903;2
C08120003908;09032009;42918101;3
C08120003908;09032009;42918102;3
C08120003908;09032009;42918103;3
C08120003908;09032009;42918104;3
C08120003908;09032009;41963402;2
C08120003908;09032009;41963403;1
C08120003908;09032009;41963404;2
C08120003908;09032009;41962801;7
C08120003908;09032009;41962802;7
C08120003908;09032009;41962803;7
C08120003908;09032009;41962804;7
C08120003908;09032009;41945501;4
C08120003908;09032009;41945601;2
C08120003908;09032009;41946001;1
C08120003908;09032009;41946101;1
C08120003908;09032009;42931601;2
C08120003908;09032009;42931701;1
