C08120005609;09032009;43324417;1
C08120005609;09032009;43324418;1
C08120005609;09032009;43324419;1
C08120005609;09032009;43324420;2
C08120005609;09032009;43324401;3
C08120005609;09032009;43324402;3
C08120005609;09032009;43324403;3
C08120005609;09032009;43324404;6
C08120005609;09032009;52116002;1
C08120005609;09032009;43381720;1
C08120005609;09032009;41962801;2
C08120005609;09032009;41962802;1
C08120005609;09032009;41962803;1
C08120005609;09032009;41962804;2
C08120005609;09032009;43501901;1
C08120005609;09032009;43866101;2
C08120005609;09032009;43866102;3
C08120005609;09032009;43866103;3
C08120005609;09032009;43866104;5
C08120005609;09032009;42127401;2
C08120005609;09032009;42127402;1
C08120005609;09032009;42127403;1
C08120005609;09032009;42127404;1
C08120005609;09032009;41963001;6
C08120005609;09032009;41963002;8
C08120005609;09032009;41963003;4
C08120005609;09032009;41963004;6
C08120005609;09032009;42126602;1
C08120005609;09032009;42126604;1
C08120005609;09032009;43381701;1
C08120005609;09032009;43381702;2
C08120005609;09032009;43381703;1
C08120005609;09032009;43381704;2
C08120005609;09032009;42918981;1
C08120005609;09032009;42918984;1
C08120005609;09032009;43363201;1
C08120005609;09032009;42158701;1
C08120005609;09032009;43378001;1
C08120005609;09032009;43502301;2
C08120005609;09032009;43459302;1
C08120005609;09032009;43459303;1
C08120005609;09032009;43459304;1
C08120005609;09032009;42102901;1
