C08120000135;09032009;41963001;11
C08120000135;09032009;41963002;10
C08120000135;09032009;41963003;10
C08120000135;09032009;41963004;24
C08120000135;09032009;43324417;1
C08120000135;09032009;43324418;4
C08120000135;09032009;43324419;3
C08120000135;09032009;43324420;10
C08120000135;09032009;43459301;1
C08120000135;09032009;43459302;2
C08120000135;09032009;43459303;2
C08120000135;09032009;43459304;2
C08120000135;09032009;42918901;3
C08120000135;09032009;42918902;5
C08120000135;09032009;42918903;2
C08120000135;09032009;42918904;2
C08120000135;09032009;43381717;1
C08120000135;09032009;43381718;1
C08120000135;09032009;43381719;1
C08120000135;09032009;43381720;2
C08120000135;09032009;41962801;1
C08120000135;09032009;41962802;2
C08120000135;09032009;41962804;2
C08120000135;09032009;42918101;1
C08120000135;09032009;42918102;1
C08120000135;09032009;42918103;1
C08120000135;09032009;42126604;6
C08120000135;09032009;52114501;1
C08120000135;09032009;52114502;1
C08120000135;09032009;52116002;1
C08120000135;09032009;41945601;1
C08120000135;09032009;50230120;1
C08120000135;09032009;43363201;1
C08120000135;09032009;43363401;1
C08120000135;09032009;42625501;1
C08120000135;09032009;42102801;8
C08120000135;09032009;43502001;1
