C08100001217;18112008;42102901;2
C08100001217;18112008;42103001;1
C08100001217;18112008;43449027;1
C08100001217;18112008;43449028;2
C08100001217;18112008;42918101;1
C08100001217;18112008;42918102;1
C08100001217;18112008;42918103;1
C08100001217;18112008;42918104;1
C08100001217;18112008;43487733;1
C08100001217;18112008;43487736;1
C08100001217;18112008;52115904;1
C08100001217;18112008;42869401;1
C08100001217;18112008;43324418;2
C08100001217;18112008;42918903;1
C08100001217;18112008;42126604;1
C08100001217;18112008;42918981;1
C08100001217;18112008;43363201;1
 