C08100001560;18112008;42869401;6
C08100001560;18112008;52116002;23
C08100001560;18112008;41963001;26
C08100001560;18112008;41963002;68
C08100001560;18112008;41963003;48
C08100001560;18112008;41963004;80
C08100001560;18112008;42127401;2
C08100001560;18112008;42127402;1
C08100001560;18112008;42127403;2
C08100001560;18112008;42127404;1
C08100001560;18112008;43324418;1
C08100001560;18112008;43324419;2
C08100001560;18112008;43324420;1
C08100001560;18112008;42918901;5
C08100001560;18112008;42918902;3
C08100001560;18112008;42918903;3
C08100001560;18112008;42918904;6
C08100001560;18112008;43381720;1
C08100001560;18112008;43502001;2
C08100001560;18112008;43640301;1
C08100001560;18112008;42103001;1
C08100001560;18112008;41945501;1
C08100001560;18112008;41962801;3
C08100001560;18112008;41962802;4
C08100001560;18112008;41962803;2
C08100001560;18112008;41962804;4
C08100001560;18112008;43363201;1
C08100001560;18112008;42918101;3
C08100001560;18112008;42918102;1
C08100001560;18112008;42918103;2
C08100001560;18112008;42918104;2
C08100001560;18112008;42126601;5
C08100001560;18112008;42126602;5
C08100001560;18112008;42126603;5
C08100001560;18112008;42126604;5
C08100001560;18112008;41963401;5
C08100001560;18112008;41963402;4
C08100001560;18112008;41963403;4
C08100001560;18112008;41963404;3
C08100001560;18112008;42918983;2