C09060003271;22092009;41963001;4
C09060003271;22092009;41963002;2
C09060003271;22092009;41963003;3
C09060003271;22092009;41963004;6
C09060003271;22092009;42127401;1
C09060003271;22092009;42127403;2
C09060003271;22092009;42127404;3
C09060003271;22092009;43324417;4
C09060003271;22092009;43324418;2
C09060003271;22092009;43324419;4
C09060003271;22092009;43324420;3
C09060003271;22092009;43324404;6
C09060003271;22092009;43866104;1
C09060003271;22092009;41962801;1
C09060003271;22092009;41962802;1
C09060003271;22092009;41962803;1
C09060003271;22092009;41962804;1
