C09050002507;12082009;42126601;5
C09050002507;12082009;42126602;5
C09050002507;12082009;41962803;4
C09050002507;12082009;42126604;7
C09050002507;12082009;41963402;1
C09050002507;12082009;52114502;5
C09050002507;12082009;43381901;8
C09050002507;12082009;43381902;8
C09050002507;12082009;43381904;8
C09050002507;12082009;43324403;3
C09050002507;12082009;43324404;4
C09050002507;12082009;43324402;4
C09050002507;12082009;43324420;4
C09050002507;12082009;43324419;3
C09050002507;12082009;43866103;11
C09050002507;12082009;42127401;3
C09050002507;12082009;42127402;3
C09050002507;12082009;42127403;2
C09050002507;12082009;42127404;2
