C09020003734;18032009;41962801;2
C09020003734;18032009;41962802;4
C09020003734;18032009;41962803;2
C09020003734;18032009;41962804;2
C09020003734;18032009;42102901;23
C09020003734;18032009;42127401;4
C09020003734;18032009;42127402;4
C09020003734;18032009;42127403;4
C09020003734;18032009;42127404;4
C09020003734;18032009;42918901;4
C09020003734;18032009;42918902;3
C09020003734;18032009;42918903;2
C09020003734;18032009;42918904;3
C09020003734;18032009;43324418;15
C09020003734;18032009;43324419;1
C09020003734;18032009;43324420;1
C09020003734;18032009;42103001;1
C09020003734;18032009;52114502;8
C09020003734;18032009;52116002;3
C09020003734;18032009;41963004;1
C09020003734;18032009;42869401;1
