C09070003550;22092009;42126603;3
C09070003550;22092009;41963001;2
C09070003550;22092009;41963002;3
C09070003550;22092009;41963003;1
C09070003550;22092009;41963004;2
C09070003550;22092009;42126602;3
C09070003550;22092009;42126604;4
C09070003550;22092009;41962801;1
C09070003550;22092009;41962802;3
C09070003550;22092009;41962803;3
C09070003550;22092009;52116002;1
C09070003550;22092009;43381717;9
C09070003550;22092009;43381718;10
C09070003550;22092009;43381719;9
C09070003550;22092009;43381720;7
C09070003550;22092009;42126601;2
C09070003550;22092009;43913803;1
C09070003550;22092009;43363201;5
C09070003550;22092009;42625501;1
C09070003550;22092009;42918901;1
