C09040001923;08052009;41963001;8
C09040001923;08052009;41963002;7
C09040001923;08052009;41963003;8
C09040001923;08052009;41963004;21
C09040001923;08052009;43502001;2
C09040001923;08052009;42102901;1
C09040001923;08052009;42918904;1
C09040001923;08052009;41962801;8
C09040001923;08052009;41962802;4
C09040001923;08052009;41962803;6
C09040001923;08052009;41962804;11
C09040001923;08052009;41945501;5
C09040001923;08052009;52116002;9
C09040001923;08052009;41945601;3
C09040001923;08052009;41963404;9
C09040001923;08052009;41963604;3
C09040001923;08052009;50231970;1