C09080001207;24092009;41963003;3
C09080001207;24092009;41963004;6
C09080001207;24092009;41962801;3
C09080001207;24092009;41962802;2
C09080001207;24092009;41962803;4
C09080001207;24092009;41962804;6
C09080001207;24092009;42918102;1
C09080001207;24092009;42918901;1
C09080001207;24092009;42918902;1
C09080001207;24092009;42918903;1
C09080001207;24092009;42918904;1
C09080001207;24092009;41945501;3
C09080001207;24092009;41945601;2
C09080001207;24092009;42869401;1
C09080001207;24092009;42931701;1
C09080001207;24092009;50224901;1
C09080001207;24092009;56115001;5
C09080001207;24092009;56120401;1
C09080001207;24092009;57100101;1
C09080001207;24092009;41963001;4
C09080001207;24092009;41963002;2
