C09040004434;12052009;42102901;35
C09040004434;12052009;52115901;2
C09040004434;12052009;52115902;1
C09040004434;12052009;52115903;1
C09040004434;12052009;52115904;10
C09040004434;12052009;41963001;2
C09040004434;12052009;41963002;3
C09040004434;12052009;41963003;3
C09040004434;12052009;41963004;8
C09040004434;12052009;42127401;2
C09040004434;12052009;42127402;2
C09040004434;12052009;42127403;1
C09040004434;12052009;42127404;3
C09040004434;12052009;42918901;1
C09040004434;12052009;42918902;1
C09040004434;12052009;42918903;1
C09040004434;12052009;42918904;1
C09040004434;12052009;52116002;32
C09040004434;12052009;41945601;2
C09040004434;12052009;43381701;1
C09040004434;12052009;43381702;1
C09040004434;12052009;43381703;1
C09040004434;12052009;43381704;3
C09040004434;12052009;42931701;1
C09040004434;12052009;42103001;1
