C09090002478;24112009;43866101;15
C09090002478;24112009;43866102;18
C09090002478;24112009;43866103;23
C09090002478;24112009;43866104;26
C09090002478;24112009;42102901;7
C09090002478;24112009;43502001;53
C09090002478;24112009;41963001;3
C09090002478;24112009;41963003;2
C09090002478;24112009;41963004;4
C09090002478;24112009;42102801;1
C09090002478;24112009;43324419;2
C09090002478;24112009;41945601;1
C09090002478;24112009;41963002;5
C09090002478;24112009;43979206;1
C09090002478;24112009;43501901;3
C09090002478;24112009;52115901;1
C09090002478;24112009;52115903;1
C09090002478;24112009;43459301;2
C09090002478;24112009;43459302;4
C09090002478;24112009;43459303;1
C09090002478;24112009;43459304;2
C09090002478;24112009;42127401;10
C09090002478;24112009;42127402;9
C09090002478;24112009;42127403;5
C09090002478;24112009;42127404;10
C09090002478;24112009;43324417;1
C09090002478;24112009;43324418;2
C09090002478;24112009;43324420;2
C09090002478;24112009;42918981;3
C09090002478;24112009;42918982;3
C09090002478;24112009;42918983;3
C09090002478;24112009;42918984;2
C09090002478;24112009;42918901;6
C09090002478;24112009;42918902;3
C09090002478;24112009;42918903;4
C09090002478;24112009;42918904;6
C09090002478;24112009;52114502;2
C09090002478;24112009;43502301;2
