C09090005221;24112009;52105801;1
C09090005221;24112009;40629302;4
C09090005221;24112009;42918101;1
C09090005221;24112009;42918103;2
C09090005221;24112009;42127401;1
C09090005221;24112009;42127402;2
C09090005221;24112009;42127403;1
C09090005221;24112009;42127404;2
C09090005221;24112009;52115904;3
C09090005221;24112009;43324420;8
C09090005221;24112009;42377801;5
C09090005221;24112009;43381720;3
C09090005221;24112009;43460201;1
C09090005221;24112009;42102801;2
C09090005221;24112009;43460202;1
C09090005221;24112009;43502001;7
C09090005221;24112009;52116002;50
C09090005221;24112009;42918901;1
C09090005221;24112009;42918902;1
C09090005221;24112009;42918903;1
C09090005221;24112009;42918904;1
