C09030004237;14042009;42918901;5
C09030004237;14042009;42918902;9
C09030004237;14042009;42918903;11
C09030004237;14042009;42918904;23
C09030004237;14042009;42918982;1
C09030004237;14042009;42918984;3
C09030004237;14042009;43363201;1
C09030004237;14042009;41963603;1
C09030004237;14042009;41963604;1
C09030004237;14042009;42931701;4
C09030004237;14042009;43913803;1
C09030004237;14042009;43866104;8
C09030004237;14042009;41963001;2
C09030004237;14042009;41963002;1
C09030004237;14042009;41963003;4
C09030004237;14042009;41963004;8
C09030004237;14042009;43866101;1
C09030004237;14042009;42869401;8
C09030004237;14042009;41962803;2
C09030004237;14042009;41962804;1
C09030004237;14042009;41963401;1
C09030004237;14042009;41963402;1
C09030004237;14042009;41963403;1
C09030004237;14042009;41963404;1
C09030004237;14042009;41962801;2
C09030004237;14042009;41962802;2
C09030004237;14042009;41962803;2
C09030004237;14042009;41962804;2
C09030004237;14042009;42918101;2
C09030004237;14042009;42918102;1
C09030004237;14042009;42918103;1
C09030004237;14042009;42918104;13
C09030004237;14042009;43913801;3
C09030004237;14042009;43913802;2
C09030004237;14042009;43913803;1
C09030004237;14042009;43913804;1
C09030004237;14042009;41945501;2
C09030004237;14042009;41945601;1
C09030004237;14042009;42931601;3
