C09040001680;12052009;42625501;1
C09040001680;12052009;43363201;3
C09040001680;12052009;50230120;1
C09040001680;12052009;42931601;3
C09040001680;12052009;43381720;1
C09040001680;12052009;43381701;1
C09040001680;12052009;43381702;1
C09040001680;12052009;43381704;1
C09040001680;12052009;42126601;1
C09040001680;12052009;42126602;2
C09040001680;12052009;42126603;1
C09040001680;12052009;42126604;4
C09040001680;12052009;52114502;3
C09040001680;12052009;42918902;1
C09040001680;12052009;42918903;1
C09040001680;12052009;41962801;4
C09040001680;12052009;41962802;3
C09040001680;12052009;41962803;5
C09040001680;12052009;41962804;4
C09040001680;12052009;42918101;5
C09040001680;12052009;42918102;8
C09040001680;12052009;42918103;7
C09040001680;12052009;42918104;6
C09040001680;12052009;42102801;3
C09040001680;12052009;41945501;1
C09040001680;12052009;41963001;6
C09040001680;12052009;41963002;10
C09040001680;12052009;41963003;6
C09040001680;12052009;41963004;14
C09040001680;12052009;43502301;1
C09040001680;12052009;42102901;1
C09040001680;12052009;43502001;1
C09040001680;12052009;43459302;2
C09040001680;12052009;43459304;1
C09040001680;12052009;43324418;1
C09040001680;12052009;42931701;1
C09040001680;12052009;42869401;3
C09040001680;12052009;52116002;17
C09040001680;12052009;41945601;1
C09040001680;12052009;42127401;3
C09040001680;12052009;42127402;2
C09040001680;12052009;42127403;1
C09040001680;12052009;42127404;8
C09040001680;12052009;43324420;1
C09040001680;12052009;43324401;1
C09040001680;12052009;43324403;1
C09040001680;12052009;43324404;3
C09040001680;12052009;43865719;1
C09040001680;12052009;43865720;1
C09040001680;12052009;43866101;1
C09040001680;12052009;43866104;1
C09040001680;12052009;BR10000092;23
