C09030001998;24032009;43377001;1
C09030001998;24032009;43449025;1
C09030001998;24032009;43449028;1
C09030001998;24032009;56120301;1
C09030001998;24032009;43381717;1
C09030001998;24032009;43381718;1
C09030001998;24032009;43381719;1
C09030001998;24032009;43381720;1
C09030001998;24032009;42918901;3
C09030001998;24032009;42918904;1
C09030001998;24032009;42918981;1
C09030001998;24032009;42918982;1
C09030001998;24032009;42918983;3
C09030001998;24032009;43487733;1
C09030001998;24032009;43487734;1
C09030001998;24032009;43487735;1
C09030001998;24032009;43487736;3
C09030001998;24032009;43866101;1
C09030001998;24032009;43866102;1
C09030001998;24032009;43866104;1
C09030001998;24032009;43324418;1
C09030001998;24032009;43459301;2
C09030001998;24032009;43459302;2
C09030001998;24032009;43459303;1
C09030001998;24032009;43459304;2
C09030001998;24032009;44059109;1
C09030001998;24032009;44059110;1
C09030001998;24032009;44059111;1
