C09070004602;23092009;52116002;20
C09070004602;23092009;43363411;3
C09070004602;23092009;43460203;1
C09070004602;23092009;42126603;1
C09070004602;23092009;42126604;1
C09070004602;23092009;41963001;3
C09070004602;23092009;41963002;2
C09070004602;23092009;41963003;3
C09070004602;23092009;41963004;3
C09070004602;23092009;43381703;1
C09070004602;23092009;43460201;1
C09070004602;23092009;41962801;1
C09070004602;23092009;43381718;1
C09070004602;23092009;43381719;1
C09070004602;23092009;43381717;1
C09070004602;23092009;43460202;1
C09070004602;23092009;43381701;2
C09070004602;23092009;43381704;1
C09070004602;23092009;43324419;1
C09070004602;23092009;43324420;1
C09070004602;23092009;42918983;1
C09070004602;23092009;42918981;1
C09070004602;23092009;42918982;2
C09070004602;23092009;42918984;1
C09070004602;23092009;42918901;1
C09070004602;23092009;43324401;3
C09070004602;23092009;43324402;5
C09070004602;23092009;43324403;4
C09070004602;23092009;43324404;6
C09070004602;23092009;43866103;1
C09070004602;23092009;43866104;1
C09070004602;23092009;43502301;2
C09070004602;23092009;43979206;1
C09070004602;23092009;42102801;1
C09070004602;23092009;42102901;8
C09070004602;23092009;42127404;1
C09070004602;23092009;43459301;1
C09070004602;23092009;43459302;2
C09070004602;23092009;43459303;2
C09070004602;23092009;43459304;2
C09070004602;23092009;43502001;2