C09020002509;18032009;42918901;1
C09020002509;18032009;42918902;2
C09020002509;18032009;42918903;3
C09020002509;18032009;42918904;4
C09020002509;18032009;42918981;1
C09020002509;18032009;42918982;3
C09020002509;18032009;42918983;2
C09020002509;18032009;42918984;1
C09020002509;18032009;43501901;1
C09020002509;18032009;42102801;1
C09020002509;18032009;42102901;2
C09020002509;18032009;43502301;1
C09020002509;18032009;43459301;1
C09020002509;18032009;43459302;2
C09020002509;18032009;43459303;1
C09020002509;18032009;43459304;4
C09020002509;18032009;42918101;1
C09020002509;18032009;42918102;1
C09020002509;18032009;42918103;1
C09020002509;18032009;42918104;3
C09020002509;18032009;41962801;3
C09020002509;18032009;41962802;4
C09020002509;18032009;41962803;2
C09020002509;18032009;41962804;3
C09020002509;18032009;43381717;1
C09020002509;18032009;43381718;3
C09020002509;18032009;43381719;3
C09020002509;18032009;43381720;1
C09020002509;18032009;43460204;1
C09020002509;18032009;43381701;2
C09020002509;18032009;43381702;3
C09020002509;18032009;43381703;3
C09020002509;18032009;43381704;2
C09020002509;18032009;52116002;7
C09020002509;18032009;52114502;1
C09020002509;18032009;42869401;1
C09020002509;18032009;41945601;3
C09020002509;18032009;41945501;2
C09020002509;18032009;43363401;3
C09020002509;18032009;42625501;1
C09020002509;18032009;42931601;3
C09020002509;18032009;41963001;8
C09020002509;18032009;41963002;11
C09020002509;18032009;41963003;13
C09020002509;18032009;41963004;16
C09020002509;18032009;42127401;2
C09020002509;18032009;42127402;1
C09020002509;18032009;42127403;3
C09020002509;18032009;42127404;8
C09020002509;18032009;43324417;3
C09020002509;18032009;43324418;4
C09020002509;18032009;43324419;3
C09020002509;18032009;43324420;5
C09020002509;18032009;43324401;4
C09020002509;18032009;43324402;4
C09020002509;18032009;43324403;4
C09020002509;18032009;43324404;8
