C09020001790;18032009;41963001;3
C09020001790;18032009;41963002;3
C09020001790;18032009;41963003;5
C09020001790;18032009;41963004;4
C09020001790;18032009;43501901;1
C09020001790;18032009;42869401;2
C09020001790;18032009;56115001;4
C09020001790;18032009;57100101;2
C09020001790;18032009;42918101;1
C09020001790;18032009;42918102;1
C09020001790;18032009;42918103;2
C09020001790;18032009;42918104;2
C09020001790;18032009;52116002;1
C09020001790;18032009;42918901;1
C09020001790;18032009;42918902;1
C09020001790;18032009;42918903;2
C09020001790;18032009;42918904;2
C09020001790;18032009;52114502;1
C09020001790;18032009;41962801;5
C09020001790;18032009;41962802;2
C09020001790;18032009;41962803;2
C09020001790;18032009;41962804;1
C09020001790;18032009;41945501;1
