C09070004017;22092009;41963001;5
C09070004017;22092009;41963002;6
C09070004017;22092009;41963003;5
C09070004017;22092009;41963004;7
C09070004017;22092009;41962801;2
C09070004017;22092009;41962802;2
C09070004017;22092009;41962803;2
C09070004017;22092009;41962804;2
C09070004017;22092009;42918901;2
C09070004017;22092009;42918902;1
C09070004017;22092009;42918903;3
C09070004017;22092009;42918904;4
C09070004017;22092009;42918101;1
C09070004017;22092009;42918102;1
C09070004017;22092009;42918104;4
C09070004017;22092009;56115001;5
C09070004017;22092009;50224901;1
C09070004017;22092009;57100101;1
C09070004017;22092009;41945601;1
