C09090005817;24112009;41963001;3
C09090005817;24112009;41963002;2
C09090005817;24112009;41963003;3
C09090005817;24112009;41963004;3
C09090005817;24112009;41962801;1
C09090005817;24112009;41962802;1
C09090005817;24112009;41962803;1
C09090005817;24112009;41962804;1
C09090005817;24112009;43324402;1
C09090005817;24112009;42918904;1
C09090005817;24112009;42931601;1
C09090005817;24112009;43913801;4
C09090005817;24112009;43913802;4
C09090005817;24112009;43913803;3
C09090005817;24112009;43913804;4
C09090005817;24112009;43866101;1
C09090005817;24112009;43866102;3
C09090005817;24112009;43866103;4
C09090005817;24112009;43866104;49
C09090005817;24112009;56120401;1
