C09050005280;13112009;42918901;5
C09050005280;13112009;42918902;5
C09050005280;13112009;42918903;5
C09050005280;13112009;42918904;5
C09050005280;13112009;41962801;3
C09050005280;13112009;41962802;5
C09050005280;13112009;41962803;8
C09050005280;13112009;41962804;3
C09050005280;13112009;42918101;2
C09050005280;13112009;42918102;1
C09050005280;13112009;42918103;2
C09050005280;13112009;42918104;1
C09050005280;13112009;42931601;1
C09050005280;13112009;42931701;4
C09050005280;13112009;41945601;2
C09050005280;13112009;43913804;1
C09050005280;13112009;41963401;1
C09050005280;13112009;41304205;5
C09050005280;13112009;41304206;5
C09050005280;13112009;41304207;5
C09050005280;13112009;41304208;5
C09050005280;13112009;42103001;1
C09050005280;13112009;43381702;1
C09050005280;13112009;43381901;3
C09050005280;13112009;43381902;5
C09050005280;13112009;43381903;5
C09050005280;13112009;43381904;3
