C09030002455;14042009;52114502;16
C09030002455;14042009;42126604;1
C09030002455;14042009;41962801;1
C09030002455;14042009;41962802;1
C09030002455;14042009;41962803;2
C09030002455;14042009;41962804;2
C09030002455;14042009;50231970;1
C09030002455;14042009;42931601;1
C09030002455;14042009;42103001;2
C09030002455;14042009;42869401;2
C09030002455;14042009;42931701;2
C09030002455;14042009;42127402;1
C09030002455;14042009;42127404;2
C09030002455;14042009;43324417;1
C09030002455;14042009;43324418;2
C09030002455;14042009;43324420;2
C09030002455;14042009;42918901;2
C09030002455;14042009;42918902;1
C09030002455;14042009;42918903;3
C09030002455;14042009;42918904;4
C09030002455;14042009;41963001;2
C09030002455;14042009;41963002;7
C09030002455;14042009;41963003;6
C09030002455;14042009;41963004;5
