C09010005076;10032009;52116002;22
C09010005076;10032009;42102901;4
C09010005076;10032009;52114502;1
C09010005076;10032009;43381717;4
C09010005076;10032009;43381718;5
C09010005076;10032009;43381719;5
C09010005076;10032009;43381720;5
C09010005076;10032009;42918101;6
C09010005076;10032009;42918104;1
C09010005076;10032009;42918901;1
C09010005076;10032009;42918903;2
C09010005076;10032009;42918904;1
C09010005076;10032009;41962801;1
C09010005076;10032009;41962802;1
C09010005076;10032009;41962803;1
C09010005076;10032009;41962804;2
C09010005076;10032009;41963002;2
C09010005076;10032009;41963003;3
C09010005076;10032009;41963004;8
C09010005076;10032009;BR10000092;1
