C09060002704;22092009;42918103;2
C09060002704;22092009;42918104;2
C09060002704;22092009;56115001;5
C09060002704;22092009;52114502;1
C09060002704;22092009;41963001;11
C09060002704;22092009;41963002;12
C09060002704;22092009;41963003;15
C09060002704;22092009;41963004;9
C09060002704;22092009;43501901;1
C09060002704;22092009;41962801;6
C09060002704;22092009;41962803;6
C09060002704;22092009;41962804;5
C09060002704;22092009;42918901;3
C09060002704;22092009;42918902;4
C09060002704;22092009;42918903;2
C09060002704;22092009;42918904;6
C09060002704;22092009;42918981;3
C09060002704;22092009;42918982;3
C09060002704;22092009;42918983;2
C09060002704;22092009;42918984;2
C09060002704;22092009;42126601;1
C09060002704;22092009;43381701;1
C09060002704;22092009;43381702;1
C09060002704;22092009;43381703;1
C09060002704;22092009;43381704;2
C09060002704;22092009;43381719;1
C09060002704;22092009;43381720;2
C09060002704;22092009;52116002;7
C09060002704;22092009;43460204;4
C09060002704;22092009;43324401;1
C09060002704;22092009;43324403;1
C09060002704;22092009;43324404;1
C09060002704;22092009;43324420;2
C09060002704;22092009;43502001;2
C09060002704;22092009;42869401;1
C09060002704;22092009;43459401;10
C09060002704;22092009;43459402;14
C09060002704;22092009;43459403;15
C09060002704;22092009;43459404;15
