C09040002148;08052009;56115001;12
C09040002148;08052009;41945501;2
C09040002148;08052009;41962801;7
C09040002148;08052009;41962802;11
C09040002148;08052009;41962803;2
C09040002148;08052009;41962804;1
C09040002148;08052009;42931701;1
C09040002148;08052009;42918901;1
C09040002148;08052009;50224901;1
C09040002148;08052009;52114502;1
C09040002148;08052009;52116002;1
C09040002148;08052009;41945601;1
C09040002148;08052009;56120401;1
C09040002148;08052009;42918101;2
C09040002148;08052009;42918102;3
C09040002148;08052009;42918103;2
C09040002148;08052009;42918104;1
