C09090003954;24112009;42918104;5
C09090003954;24112009;42918901;3
C09090003954;24112009;42918902;4
C09090003954;24112009;42918903;5
C09090003954;24112009;42918904;5
C09090003954;24112009;52114502;38
C09090003954;24112009;43913801;5
C09090003954;24112009;43913802;6
C09090003954;24112009;43913803;6
C09090003954;24112009;43913804;8
C09090003954;24112009;42126601;4
C09090003954;24112009;42126602;4
C09090003954;24112009;42126603;3
C09090003954;24112009;42126604;2
C09090003954;24112009;43460202;1
C09090003954;24112009;43460203;1
C09090003954;24112009;43381717;2
C09090003954;24112009;43381719;2
C09090003954;24112009;43460204;4
C09090003954;24112009;43381720;4
C09090003954;24112009;43381718;2
C09090003954;24112009;41962804;1
C09090003954;24112009;56119201;1
C09090003954;24112009;56119202;1
C09090003954;24112009;56119203;1
C09090003954;24112009;56119204;1
C09090003954;24112009;42931701;1
C09090003954;24112009;BR10000092;9
C09090003954;24112009;43459301;1
C09090003954;24112009;43459302;1
C09090003954;24112009;43459303;2
C09090003954;24112009;43459304;1
C09090003954;24112009;42127401;1
C09090003954;24112009;42127402;2
C09090003954;24112009;42127403;1
C09090003954;24112009;42127404;1
C09090003954;24112009;43866101;3
C09090003954;24112009;43866102;2
C09090003954;24112009;43866103;4
C09090003954;24112009;43866104;4
C09090003954;24112009;43502001;2
C09090003954;24112009;52115902;1
C09090003954;24112009;41963004;1
C09090003954;24112009;42918101;3
C09090003954;24112009;42918102;5
C09090003954;24112009;42918103;2
