C09060002208;22092009;42918901;15
C09060002208;22092009;42918902;15
C09060002208;22092009;42918903;13
C09060002208;22092009;42918904;17
C09060002208;22092009;41945501;7
C09060002208;22092009;41945601;5
C09060002208;22092009;41963001;15
C09060002208;22092009;41963002;13
C09060002208;22092009;41963003;15
C09060002208;22092009;41963004;15
C09060002208;22092009;42127401;5
C09060002208;22092009;42127402;5
C09060002208;22092009;42127403;7
C09060002208;22092009;42127404;8
C09060002208;22092009;41963401;7
C09060002208;22092009;41963402;8
C09060002208;22092009;41963403;8
C09060002208;22092009;41963404;9
