C09050001292;23092009;42918101;4
C09050001292;23092009;42918102;5
C09050001292;23092009;42918103;2
C09050001292;23092009;42918104;10
C09050001292;23092009;43913801;3
C09050001292;23092009;43913802;4
C09050001292;23092009;43913803;4
C09050001292;23092009;43913804;3
C09050001292;23092009;43866101;4
C09050001292;23092009;43866102;7
C09050001292;23092009;43866103;5
C09050001292;23092009;43866104;24
C09050001292;23092009;42931601;1
C09050001292;23092009;42869401;6
C09050001292;23092009;42931701;1
C09050001292;23092009;43324401;2
C09050001292;23092009;43324402;2
C09050001292;23092009;43324403;2
C09050001292;23092009;43324404;1
C09050001292;23092009;42918901;3
C09050001292;23092009;42918902;5
C09050001292;23092009;42918903;4
C09050001292;23092009;42918904;36
