C09030001645;23032009;41962801;3
C09030001645;23032009;41962802;2
C09030001645;23032009;41962803;2
C09030001645;23032009;41962804;1
C09030001645;23032009;42918101;1
C09030001645;23032009;42918103;1
C09030001645;23032009;42918104;3
C09030001645;23032009;56120401;2
C09030001645;23032009;42918902;1
C09030001645;23032009;42918903;3
C09030001645;23032009;42918904;2
C09030001645;23032009;41963001;3
C09030001645;23032009;41963002;1
C09030001645;23032009;41963003;2
C09030001645;23032009;41963004;5
C09030001645;23032009;57100101;2
C09030001645;23032009;42931601;3
C09030001645;23032009;56115001;8
C09030001645;23032009;50224901;1
C09030001645;23032009;43502001;4
C09030001645;23032009;43501901;1
