C09040004191;12052009;43324417;3
C09040004191;12052009;43324418;2
C09040004191;12052009;43324419;4
C09040004191;12052009;43324420;4
C09040004191;12052009;42918981;2
C09040004191;12052009;42918982;1
C09040004191;12052009;42918983;1
C09040004191;12052009;42918984;1
C09040004191;12052009;42918981;2
C09040004191;12052009;42918902;1
C09040004191;12052009;42918903;2
C09040004191;12052009;42918904;1
C09040004191;12052009;42918101;1
C09040004191;12052009;41963601;1
C09040004191;12052009;41963602;1
C09040004191;12052009;41963603;1
C09040004191;12052009;41963604;3
C09040004191;12052009;41963401;1
C09040004191;12052009;43381703;1
C09040004191;12052009;42126601;2
C09040004191;12052009;42126602;1
C09040004191;12052009;42126603;2
C09040004191;12052009;42126604;2
C09040004191;12052009;42102901;6
C09040004191;12052009;42102801;6
C09040004191;12052009;43501901;1
C09040004191;12052009;43381717;1
C09040004191;12052009;43381719;1
C09040004191;12052009;43381720;1
C09040004191;12052009;41962801;1
C09040004191;12052009;41962802;1
C09040004191;12052009;41962803;1
C09040004191;12052009;52114502;25
