C09010004266;05032009;42102901;434
C09010004266;05032009;42102801;135
C09010004266;05032009;42103001;42
C09010004266;05032009;43640301;17
C09010004266;05032009;52109001;9
C09010004266;05032009;41331601;1
C09010004266;05032009;42126602;1
C09010004266;05032009;42126603;1
C09010004266;05032009;42804501;2
C09010004266;05032009;42804502;1
C09010004266;05032009;42804503;1
C09010004266;05032009;42804504;2
C09010004266;05032009;43381901;4
C09010004266;05032009;43381902;4
C09010004266;05032009;43381903;4
C09010004266;05032009;43381904;3
C09010004266;05032009;BR10000092;65
