C09040006801;25052009;52114502;8
C09040006801;25052009;42102801;5
C09040006801;25052009;42102901;18
C09040006801;25052009;43502001;42
C09040006801;25052009;41963001;3
C09040006801;25052009;41963003;5
C09040006801;25052009;41962801;2
C09040006801;25052009;41962802;2
C09040006801;25052009;41962803;2
C09040006801;25052009;52109001;4
C09040006801;25052009;BR10000092;54
C09040006801;25052009;41963002;2
C09040006801;25052009;41963004;7
C09040006801;25052009;41962804;2
C09040006801;25052009;52116002;12
