C09090002710;24112009;41963001;7
C09090002710;24112009;41963002;4
C09090002710;24112009;41963003;6
C09090002710;24112009;41963004;5
C09090002710;24112009;42918101;2
C09090002710;24112009;42918102;3
C09090002710;24112009;42918103;3
C09090002710;24112009;42918104;2
C09090002710;24112009;52116101;1
C09090002710;24112009;BR10000092;1
C09090002710;24112009;42918901;6
C09090002710;24112009;42918982;4
C09090002710;24112009;42918902;2
C09090002710;24112009;42918984;3
C09090002710;24112009;42918904;1
C09090002710;24112009;42918983;2
C09090002710;24112009;52116002;4
C09090002710;24112009;41962801;1
C09090002710;24112009;41962802;1
C09090002710;24112009;41962803;1
C09090002710;24112009;42931601;1
C09090002710;24112009;42931701;1
C09090002710;24112009;41945601;1
