C09020003653;24032009;42918101;2
C09020003653;24032009;42918102;2
C09020003653;24032009;42918103;2
C09020003653;24032009;42918104;2
C09020003653;24032009;42931701;1
C09020003653;24032009;43363401;3
C09020003653;24032009;42918901;3
C09020003653;24032009;42918903;3
C09020003653;24032009;42918904;5
C09020003653;24032009;56115001;1
C09020003653;24032009;43501901;14
C09020003653;24032009;42102801;7
C09020003653;24032009;56120301;8
C09020003653;24032009;42103001;1
C09020003653;24032009;42102901;7
C09020003653;24032009;43502001;47
C09020003653;24032009;52116101;50
C09020003653;24032009;43363201;1
C09020003653;24032009;43381717;9
C09020003653;24032009;43381718;8
C09020003653;24032009;43381719;7
C09020003653;24032009;43381720;10
C09020003653;24032009;43324417;21
C09020003653;24032009;43324418;17
C09020003653;24032009;43324419;18
C09020003653;24032009;43324420;20
C09020003653;24032009;43363411;1
C09020003653;24032009;42869401;1
C09020003653;24032009;43865717;3
C09020003653;24032009;43865719;5
C09020003653;24032009;43865720;2
C09020003653;24032009;42931601;1
C09020003653;24032009;52114501;1
C09020003653;24032009;BR10000092;4