C09070000291;24092009;41963004;6
C09070000291;24092009;41962801;2
C09070000291;24092009;43381703;2
C09070000291;24092009;43381702;2
C09070000291;24092009;43381701;2
C09070000291;24092009;42918101;2
C09070000291;24092009;42918102;2
C09070000291;24092009;42918103;1
C09070000291;24092009;42918104;2
C09070000291;24092009;42869401;3
C09070000291;24092009;42918981;7
C09070000291;24092009;42918982;6
C09070000291;24092009;42918983;10
C09070000291;24092009;42918984;5
C09070000291;24092009;42918903;1
C09070000291;24092009;42918904;3
C09070000291;24092009;42931601;1
C09070000291;24092009;42931701;1
C09070000291;24092009;42102801;1
C09070000291;24092009;43501901;1
C09070000291;24092009;41962802;3
C09070000291;24092009;42126602;1
C09070000291;24092009;42126603;1
C09070000291;24092009;42126604;1
C09070000291;24092009;41963001;7
C09070000291;24092009;41963002;6
C09070000291;24092009;41963003;5
