C09040002067;12052009;43381702;1
C09040002067;12052009;41962801;1
C09040002067;12052009;41962804;1
C09040002067;12052009;42625501;1
C09040002067;12052009;43363201;1
C09040002067;12052009;43381718;1
C09040002067;12052009;43381719;1
C09040002067;12052009;43381720;1
C09040002067;12052009;42102801;2
C09040002067;12052009;42126601;2
C09040002067;12052009;42126602;2
C09040002067;12052009;42126603;2
C09040002067;12052009;42126604;2
C09040002067;12052009;43324417;2
C09040002067;12052009;43324418;2
C09040002067;12052009;43324420;2
C09040002067;12052009;41963001;6
C09040002067;12052009;41963002;5
C09040002067;12052009;41963003;10
C09040002067;12052009;41963004;17
