C09090001234;13112009;41962801;5
C09090001234;13112009;41962802;5
C09090001234;13112009;41962803;5
C09090001234;13112009;41962804;5
C09090001234;13112009;42126601;3
C09090001234;13112009;42126602;3
C09090001234;13112009;42126603;3
C09090001234;13112009;42126604;7
C09090001234;13112009;42625501;2
C09090001234;13112009;42158711;1
C09090001234;13112009;43866101;2
C09090001234;13112009;43866102;3
C09090001234;13112009;43866103;3
C09090001234;13112009;43866104;4
C09090001234;13112009;41945601;2
C09090001234;13112009;42102801;8
