C09030002617;07052009;43381719;1
C09030002617;07052009;43381701;2
C09030002617;07052009;43381702;2
C09030002617;07052009;43381703;1
C09030002617;07052009;43381704;1
C09030002617;07052009;43460201;1
C09030002617;07052009;43460202;1
C09030002617;07052009;43460203;1
C09030002617;07052009;42127401;5
C09030002617;07052009;42127402;3
C09030002617;07052009;42127403;5
C09030002617;07052009;42127404;7
C09030002617;07052009;43487733;3
C09030002617;07052009;43487734;3
C09030002617;07052009;43487735;2
C09030002617;07052009;43487736;1
C09030002617;07052009;43324417;3
C09030002617;07052009;43324418;3
C09030002617;07052009;43324419;4
C09030002617;07052009;43324420;5
C09030002617;07052009;43324401;5
C09030002617;07052009;43324403;6
C09030002617;07052009;43324402;3
C09030002617;07052009;43324404;7
C09030002617;07052009;52114502;46
C09030002617;07052009;52116002;36
