C09020001286;11032009;52116002;4
C09020001286;11032009;42918101;1
C09020001286;11032009;42918102;1
C09020001286;11032009;42918103;2
C09020001286;11032009;42918104;3
C09020001286;11032009;43381720;1
C09020001286;11032009;43866101;2
C09020001286;11032009;43866102;1
C09020001286;11032009;43866103;2
C09020001286;11032009;43866104;2
C09020001286;11032009;43487734;1
C09020001286;11032009;43487735;1
C09020001286;11032009;43324420;1
C09020001286;11032009;41963002;1
C09020001286;11032009;43381702;1
C09020001286;11032009;43324418;1
