C09090004411;18112009;43324417;15
C09090004411;18112009;43324418;14
C09090004411;18112009;43324419;17
C09090004411;18112009;43324420;10
C09090004411;18112009;42127401;1
C09090004411;18112009;42127402;1
C09090004411;18112009;42127403;1
C09090004411;18112009;42127404;1
C09090004411;18112009;43865718;4
C09090004411;18112009;43865719;1
C09090004411;18112009;43487733;5
C09090004411;18112009;43487734;5
C09090004411;18112009;43487735;6
C09090004411;18112009;43487736;2
C09090004411;18112009;43381717;5
C09090004411;18112009;43381718;5
C09090004411;18112009;43381719;7
C09090004411;18112009;43381720;8
