C09030000835;24032009;43381717;1
C09030000835;24032009;43381718;1
C09030000835;24032009;43381719;2
C09030000835;24032009;43381720;2
C09030000835;24032009;42126602;1
C09030000835;24032009;42126603;2
C09030000835;24032009;42126604;10
C09030000835;24032009;42918901;2
C09030000835;24032009;42918902;2
C09030000835;24032009;42918903;2
C09030000835;24032009;42918904;2
C09030000835;24032009;43324417;1
C09030000835;24032009;43324419;3
C09030000835;24032009;43324420;5
C09030000835;24032009;41962801;3
C09030000835;24032009;41962802;2
C09030000835;24032009;41962803;2
C09030000835;24032009;41962804;4
C09030000835;24032009;42102801;11
C09030000835;24032009;52114502;2
C09030000835;24032009;41963403;1
C09030000835;24032009;41963404;1
C09030000835;24032009;42625501;1
