C09040004949;12052009;41963001;11
C09040004949;12052009;41963002;13
C09040004949;12052009;41963003;14
C09040004949;12052009;41963004;15
C09040004949;12052009;56120401;1
C09040004949;12052009;42126601;1
C09040004949;12052009;42126602;1
C09040004949;12052009;43913801;2
C09040004949;12052009;43913802;2
C09040004949;12052009;43913803;2
C09040004949;12052009;43913804;2
C09040004949;12052009;41962802;2
C09040004949;12052009;41962803;2
C09040004949;12052009;41962804;3
C09040004949;12052009;41945501;2
C09040004949;12052009;43459303;1
C09040004949;12052009;43866101;2
C09040004949;12052009;43866102;3
C09040004949;12052009;43866103;2
C09040004949;12052009;43866104;3
C09040004949;12052009;42127401;2
C09040004949;12052009;42127402;1
C09040004949;12052009;42127404;2
C09040004949;12052009;43324417;3
C09040004949;12052009;43324418;1
C09040004949;12052009;43324419;2
C09040004949;12052009;43324420;2
C09040004949;12052009;42918101;1
C09040004949;12052009;42918104;1
C09040004949;12052009;43381717;1
C09040004949;12052009;43381718;1
C09040004949;12052009;43381719;1
C09040004949;12052009;43381720;1
C09040004949;12052009;42158601;1
C09040004949;12052009;41963402;1
C09040004949;12052009;42918902;1
C09040004949;12052009;42918903;1
C09040004949;12052009;42918904;2
C09040004949;12052009;42918983;2
C09040004949;12052009;52116002;3
C09040004949;12052009;42102801;1
C09040004949;12052009;42869401;1
