C09080004133;24092009;43913804;5
C09080004133;24092009;42931701;2
C09080004133;24092009;42869401;12
C09080004133;24092009;44059110;1
C09080004133;24092009;44059112;4
C09080004133;24092009;43854901;1
C09080004133;24092009;43866104;19
C09080004133;24092009;42931601;3
C09080004133;24092009;43381901;1
C09080004133;24092009;43381902;1
C09080004133;24092009;43381903;1
C09080004133;24092009;43381904;1
C09080004133;24092009;43866101;6
C09080004133;24092009;43866102;5
C09080004133;24092009;43866103;6
C09080004133;24092009;42918981;3
C09080004133;24092009;42918982;2
C09080004133;24092009;42918983;1
C09080004133;24092009;42918984;40
C09080004133;24092009;42918901;1
C09080004133;24092009;42918902;3
C09080004133;24092009;42918903;1
C09080004133;24092009;42918904;11
C09080004133;24092009;42918101;5
C09080004133;24092009;42918102;5
C09080004133;24092009;42918103;4
C09080004133;24092009;42918104;9
C09080004133;24092009;43913801;2
C09080004133;24092009;43913802;5
C09080004133;24092009;43913803;2
