C09090004179;19022010;41963001;5
C09090004179;19022010;41963002;5
C09090004179;19022010;41963003;5
C09090004179;19022010;41963004;5
C09090004179;19022010;42918101;2
C09090004179;19022010;42918102;2
C09090004179;19022010;42918103;3
C09090004179;19022010;42918104;3
C09090004179;19022010;41962801;10
C09090004179;19022010;41962802;10
C09090004179;19022010;41962803;10
C09090004179;19022010;41962804;12
C09090004179;19022010;42918901;5
C09090004179;19022010;42918902;5
C09090004179;19022010;42918903;5
C09090004179;19022010;42918904;5
C09090004179;19022010;42931701;1
