C09030002374;14042009;52114502;4
C09030002374;14042009;52116002;18
C09030002374;14042009;41963001;10
C09030002374;14042009;41963002;10
C09030002374;14042009;41963003;3
C09030002374;14042009;41963004;7
C09030002374;14042009;41962801;1
C09030002374;14042009;41962802;1
C09030002374;14042009;41962803;3
C09030002374;14042009;41963404;1
C09030002374;14042009;42102901;1
C09030002374;14042009;43502001;3
C09030002374;14042009;43324417;5
C09030002374;14042009;43324418;5
C09030002374;14042009;43324419;4
C09030002374;14042009;43324420;1
C09030002374;14042009;43324403;1
