C09050004631;12082009;43381717;3
C09050004631;12082009;43381718;3
C09050004631;12082009;43381719;5
C09050004631;12082009;43381720;7
C09050004631;12082009;56120301;9
C09050004631;12082009;52116101;24
C09050004631;12082009;52114502;1
C09050004631;12082009;42918101;1
C09050004631;12082009;42918103;1
C09050004631;12082009;42918104;2
C09050004631;12082009;42918901;2
C09050004631;12082009;42918902;2
C09050004631;12082009;42918903;1
C09050004631;12082009;42918904;1
C09050004631;12082009;43501901;3
C09050004631;12082009;42102801;4
C09050004631;12082009;43363201;1
C09050004631;12082009;42102901;9
C09050004631;12082009;43502001;59
C09050004631;12082009;43865717;14
C09050004631;12082009;43865718;12
C09050004631;12082009;43865719;13
C09050004631;12082009;43865720;7
C09050004631;12082009;43324417;2
C09050004631;12082009;43324418;5
C09050004631;12082009;43324419;6
C09050004631;12082009;BR10000092;2
