C09090003520;18112009;43324401;32
C09090003520;18112009;43324402;39
C09090003520;18112009;43324403;34
C09090003520;18112009;43324404;33
C09090003520;18112009;43381701;35
C09090003520;18112009;43381702;26
C09090003520;18112009;43381703;23
C09090003520;18112009;43381704;43
C09090003520;18112009;42918981;3
C09090003520;18112009;42918982;8
C09090003520;18112009;42918983;2
C09090003520;18112009;42918984;5
C09090003520;18112009;43363201;5
C09090003520;18112009;43363401;3
C09090003520;18112009;52116101;5
