C09010005238;10032009;42931701;3
C09010005238;10032009;42918101;1
C09010005238;10032009;42918102;2
C09010005238;10032009;42918103;3
C09010005238;10032009;42918104;4
C09010005238;10032009;41963001;4
C09010005238;10032009;41963002;2
C09010005238;10032009;41963003;4
C09010005238;10032009;41963004;6
C09010005238;10032009;43502001;3
C09010005238;10032009;50224901;1
C09010005238;10032009;41962802;2
C09010005238;10032009;41962803;3
C09010005238;10032009;41962804;6
C09010005238;10032009;41945501;1
C09010005238;10032009;56120401;2
C09010005238;10032009;56115001;5
