C09040001419;12052009;43381701;1
C09040001419;12052009;43381702;1
C09040001419;12052009;43381703;2
C09040001419;12052009;43381704;12
C09040001419;12052009;42126601;1
C09040001419;12052009;42126602;1
C09040001419;12052009;42126603;1
C09040001419;12052009;42126604;1
C09040001419;12052009;42102801;28
C09040001419;12052009;42625501;1
C09040001419;12052009;42158701;2
C09040001419;12052009;42127401;3
C09040001419;12052009;42127402;5
C09040001419;12052009;42127403;4
C09040001419;12052009;42127404;4
C09040001419;12052009;43324401;16
C09040001419;12052009;43324402;17
C09040001419;12052009;43324403;15
C09040001419;12052009;43324404;31
C09040001419;12052009;42102901;69
