C09090000696;05112009;41962801;7
C09090000696;05112009;41962802;7
C09090000696;05112009;41963402;2
C09090000696;05112009;41963403;2
C09090000696;05112009;41963404;1
C09090000696;05112009;42918101;2
C09090000696;05112009;42918901;5
C09090000696;05112009;42918902;5
C09090000696;05112009;42918903;5
C09090000696;05112009;42918904;5
C09090000696;05112009;41963002;7
C09090000696;05112009;41963003;6
C09090000696;05112009;41963004;5
C09090000696;05112009;41962803;5
C09090000696;05112009;41962804;5
C09090000696;05112009;41963401;1
C09090000696;05112009;42918102;2
C09090000696;05112009;42918103;3
C09090000696;05112009;42918104;3
C09090000696;05112009;42931701;3
C09090000696;05112009;43502001;10
C09090000696;05112009;41963001;7
