C09020001367;18032009;43324417;8
C09020001367;18032009;43324418;7
C09020001367;18032009;43324419;10
C09020001367;18032009;43324420;7
C09020001367;18032009;52116002;19
C09020001367;18032009;52114502;15
C09020001367;18032009;42127402;1
C09020001367;18032009;42127403;1
C09020001367;18032009;41962801;2
C09020001367;18032009;41962802;2
C09020001367;18032009;41962803;2
C09020001367;18032009;41962804;1
C09020001367;18032009;41963001;1
C09020001367;18032009;41963002;4
C09020001367;18032009;41963003;5
C09020001367;18032009;41963004;4
C09020001367;18032009;42804501;1
C09020001367;18032009;42804502;1
C09020001367;18032009;42804503;1
C09020001367;18032009;42804504;2
C09020001367;18032009;42126601;1
C09020001367;18032009;42126602;1
C09020001367;18032009;42126603;1
C09020001367;18032009;42126604;2
