C09030000754;24032009;41963001;10
C09030000754;24032009;41963002;10
C09030000754;24032009;41963003;13
C09030000754;24032009;41963004;11
C09030000754;24032009;43324417;2
C09030000754;24032009;43324418;3
C09030000754;24032009;43324419;3
C09030000754;24032009;43324420;3
C09030000754;24032009;52114502;4
C09030000754;24032009;42918981;1
C09030000754;24032009;42918982;1
C09030000754;24032009;42918983;1
C09030000754;24032009;42918984;1
C09030000754;24032009;42918902;1
C09030000754;24032009;42918903;1
C09030000754;24032009;42918904;1
C09030000754;24032009;43381717;1
C09030000754;24032009;43381718;1
C09030000754;24032009;43381719;1
C09030000754;24032009;43381720;2
C09030000754;24032009;52116002;9
C09030000754;24032009;42127401;7
C09030000754;24032009;42127402;5
C09030000754;24032009;42127403;3
C09030000754;24032009;42127404;14
C09030000754;24032009;41962802;2
C09030000754;24032009;41962803;1
C09030000754;24032009;41962804;3
C09030000754;24032009;41945501;1
