C09070002901;22092009;42102801;5
C09070002901;22092009;42102901;14
C09070002901;22092009;43502301;1
C09070002901;22092009;42918104;1
C09070002901;22092009;42918901;2
C09070002901;22092009;42918903;1
C09070002901;22092009;43381717;2
C09070002901;22092009;43381718;2
C09070002901;22092009;43381719;3
C09070002901;22092009;42931601;1
C09070002901;22092009;43324417;1
C09070002901;22092009;43324418;3
C09070002901;22092009;43324419;3
C09070002901;22092009;43324420;2
C09070002901;22092009;52115902;1
C09070002901;22092009;52115904;2
C09070002901;22092009;52116002;33
