C09050001616;08072009;42918901;1
C09050001616;08072009;42918902;1
C09050001616;08072009;42918903;3
C09050001616;08072009;42918904;4
C09050001616;08072009;42931701;1
C09050001616;08072009;42869401;2
C09050001616;08072009;41963001;4
C09050001616;08072009;41963002;3
C09050001616;08072009;41963003;5
C09050001616;08072009;41963004;6
C09050001616;08072009;41962801;2
C09050001616;08072009;41962802;1
C09050001616;08072009;41962803;3
C09050001616;08072009;41962804;4
C09050001616;08072009;43501901;2
C09050001616;08072009;43502001;3
C09050001616;08072009;43435701;2
C09050001616;08072009;42918904;2
C09050001616;08072009;56115001;1
