C09040001761;12052009;42126601;1
C09040001761;12052009;43381703;2
C09040001761;12052009;43381704;1
C09040001761;12052009;43381717;1
C09040001761;12052009;41962802;1
C09040001761;12052009;41962804;1
C09040001761;12052009;41963001;3
C09040001761;12052009;41963004;2
C09040001761;12052009;43502001;3
C09040001761;12052009;42102901;3
C09040001761;12052009;42127401;3
C09040001761;12052009;42127402;3
C09040001761;12052009;42127403;3
C09040001761;12052009;42127404;3
C09040001761;12052009;43324401;4
C09040001761;12052009;43324402;4
C09040001761;12052009;43324403;3
C09040001761;12052009;43324404;4
C09040001761;12052009;43324417;4
C09040001761;12052009;43324418;4
C09040001761;12052009;43324419;3
C09040001761;12052009;43324420;1
C09040001761;12052009;42918981;2
C09040001761;12052009;42918982;2
C09040001761;12052009;42918983;1
C09040001761;12052009;42918984;3
C09040001761;12052009;42918901;2
C09040001761;12052009;42918902;3
C09040001761;12052009;42918903;4
C09040001761;12052009;42918904;5
C09040001761;12052009;43363401;1
