C09080004567;24092009;42102901;40
C09080004567;24092009;42126601;10
C09080004567;24092009;42126602;10
C09080004567;24092009;42126603;10
C09080004567;24092009;42126604;10
C09080004567;24092009;43324401;10
C09080004567;24092009;43324402;8
C09080004567;24092009;43324403;10
C09080004567;24092009;43324404;10
C09080004567;24092009;43381701;5
C09080004567;24092009;43381702;3
C09080004567;24092009;43381703;3
C09080004567;24092009;43381704;5
C09080004567;24092009;42102801;5
C09080004567;24092009;42918901;3
C09080004567;24092009;42918902;5
C09080004567;24092009;42918903;5
C09080004567;24092009;42918904;3
