C09030005209;14042009;41963001;4
C09030005209;14042009;41963002;4
C09030005209;14042009;41963003;5
C09030005209;14042009;41963004;2
C09030005209;14042009;41962801;1
C09030005209;14042009;41962802;4
C09030005209;14042009;41962803;2
C09030005209;14042009;41962804;3
C09030005209;14042009;56120401;2
C09030005209;14042009;42918101;1
C09030005209;14042009;42918102;2
C09030005209;14042009;42918103;1
C09030005209;14042009;42918104;2
C09030005209;14042009;43502001;5
C09030005209;14042009;42918902;2
C09030005209;14042009;42918903;1
C09030005209;14042009;42918904;1
C09030005209;14042009;56115001;5
C09030005209;14042009;42869401;1
C09030005209;14042009;41945501;1
