C09080003161;22092009;42918101;15
C09080003161;22092009;42918102;13
C09080003161;22092009;42918103;15
C09080003161;22092009;42918104;15
C09080003161;22092009;52116101;10
C09080003161;22092009;41963401;10
C09080003161;22092009;41963402;10
C09080003161;22092009;41963403;12
C09080003161;22092009;41963404;13
C09080003161;22092009;52116002;8
C09080003161;22092009;43459301;8
C09080003161;22092009;43459302;5
C09080003161;22092009;43459303;5
C09080003161;22092009;43459304;7
C09080003161;22092009;42126601;7
C09080003161;22092009;42126604;5
C09080003161;22092009;42127401;10
C09080003161;22092009;42127402;8
C09080003161;22092009;42127403;10
C09080003161;22092009;42127404;8
