C09060003352;22092009;42869401;3
C09060003352;22092009;56115001;2
C09060003352;22092009;56120401;5
C09060003352;22092009;43501901;1
C09060003352;22092009;41945601;4
C09060003352;22092009;52116002;1
C09060003352;22092009;42918104;1
C09060003352;22092009;42918102;1
C09060003352;22092009;41962801;2
C09060003352;22092009;41962802;4
C09060003352;22092009;41962803;4
C09060003352;22092009;41962804;4
C09060003352;22092009;41963001;4
C09060003352;22092009;41963002;4
C09060003352;22092009;41963003;4
C09060003352;22092009;41963004;7
C09060003352;22092009;41945501;3
C09060003352;22092009;42931601;1
