C09050006170;22092009;43324418;17
C09050006170;22092009;43324419;14
C09050006170;22092009;43324420;18
C09050006170;22092009;43324417;15
C09050006170;22092009;52116002;5
C09050006170;22092009;43460201;12
C09050006170;22092009;43460202;10
C09050006170;22092009;43460203;12
C09050006170;22092009;43460204;16
C09050006170;22092009;42918101;5
C09050006170;22092009;42918102;5
C09050006170;22092009;42918103;3
C09050006170;22092009;42918104;4
C09050006170;22092009;41962801;27
C09050006170;22092009;41962802;25
C09050006170;22092009;41962803;26
C09050006170;22092009;41962804;32
C09050006170;22092009;43381717;10
C09050006170;22092009;52114502;16
C09050006170;22092009;41945501;2
C09050006170;22092009;41945601;3
C09050006170;22092009;41963001;7
C09050006170;22092009;41963004;5
C09050006170;22092009;43381718;3
