C09050005107;13112009;41963002;8
C09050005107;13112009;41963003;7
C09050005107;13112009;41963004;8
C09050005107;13112009;42918101;5
C09050005107;13112009;42918102;5
C09050005107;13112009;42918103;3
C09050005107;13112009;41945601;5
C09050005107;13112009;42127401;2
C09050005107;13112009;42127402;3
C09050005107;13112009;42127403;2
C09050005107;13112009;42127404;1
C09050005107;13112009;43324401;10
C09050005107;13112009;43324402;10
C09050005107;13112009;43324403;10
C09050005107;13112009;43324404;10
C09050005107;13112009;41963001;8
