C09120000583;12022010;43324417;15
C09120000583;12022010;43324418;15
C09120000583;12022010;43324419;15
C09120000583;12022010;43324420;18
C09120000583;12022010;42918901;10
C09120000583;12022010;42918902;10
C09120000583;12022010;42918903;10
C09120000583;12022010;42918904;10
C09120000583;12022010;43866101;7
C09120000583;12022010;43866102;5
C09120000583;12022010;43866103;5
C09120000583;12022010;43866104;5
C09120000583;12022010;42102901;8
C09120000583;12022010;42918984;8
C09120000583;12022010;42918101;5
C09120000583;12022010;42918102;5
C09120000583;12022010;42918103;5
C09120000583;12022010;42918104;5
