C09110002753;12022010;43866104;5
C09110002753;12022010;44059109;5
C09110002753;12022010;44059110;5
C09110002753;12022010;44059111;5
C09110002753;12022010;44059112;2
C09110002753;12022010;43913801;2
C09110002753;12022010;43913802;3
C09110002753;12022010;43913803;3
C09110002753;12022010;43913804;10
C09110002753;12022010;42918981;10
C09110002753;12022010;42918982;10
C09110002753;12022010;42918983;12
C09110002753;12022010;42918984;5
C09110002753;12022010;42918101;5
C09110002753;12022010;42918102;5
C09110002753;12022010;42918103;5
C09110002753;12022010;42918104;1
