C09110003997;16042010;41963001;3
C09110003997;16042010;41963002;5
C09110003997;16042010;41963003;5
C09110003997;16042010;41963004;7
C09110003997;16042010;42918101;1
C09110003997;16042010;42918102;2
C09110003997;16042010;42918103;2
C09110003997;16042010;42918104;3
C09110003997;16042010;41962801;3
C09110003997;16042010;41962802;5
C09110003997;16042010;41962803;5
C09110003997;16042010;41962804;7
C09110003997;16042010;42918981;3
C09110003997;16042010;42918982;5
C09110003997;16042010;42918983;5
C09110003997;16042010;42918984;7
C09110003997;16042010;43449025;1
C09110003997;16042010;43449026;1
C09110003997;16042010;43449027;2
C09110003997;16042010;43502001;3
C09110003997;16042010;42127404;3
C09110003997;16042010;42102901;4
C09110003997;16042010;42127403;3
C09110003997;16042010;43324420;1
