C09120001989;19022010;42918901;5
C09120001989;19022010;42918902;5
C09120001989;19022010;42918903;5
C09120001989;19022010;42918904;7
C09120001989;19022010;43913801;3
C09120001989;19022010;43913802;3
C09120001989;19022010;43913803;3
C09120001989;19022010;43913804;4
C09120001989;19022010;43324466;10
C09120001989;19022010;43324467;10
C09120001989;19022010;43866101;12
C09120001989;19022010;43866102;16
C09120001989;19022010;43866103;10
C09120001989;19022010;43866104;10
C09120001989;19022010;42918101;3
C09120001989;19022010;42918102;3
C09120001989;19022010;42918103;3
C09120001989;19022010;42918104;4
