C09110000629;28122009;41962801;3
C09110000629;28122009;41962802;2
C09110000629;28122009;41962803;2
C09110000629;28122009;41962804;4
C09110000629;28122009;41963001;3
C09110000629;28122009;41963002;3
C09110000629;28122009;41963003;4
C09110000629;28122009;41963004;5
C09110000629;28122009;42918981;5
C09110000629;28122009;42918982;5
C09110000629;28122009;42918983;5
C09110000629;28122009;42918984;7
C09110000629;28122009;43866101;5
C09110000629;28122009;43866102;5
C09110000629;28122009;43866103;5
C09110000629;28122009;43866104;4
C09110000629;28122009;42918101;1
C09110000629;28122009;42918102;1
