C09120002012;12022010;41962801;3
C09120002012;12022010;41962802;5
C09120002012;12022010;41962803;5
C09120002012;12022010;41962804;8
C09120002012;12022010;42918901;5
C09120002012;12022010;42918902;5
C09120002012;12022010;42918903;5
C09120002012;12022010;42918904;5
C09120002012;12022010;41963001;2
C09120002012;12022010;41963002;4
C09120002012;12022010;41963003;3
C09120002012;12022010;41963004;8
C09120002012;12022010;42918101;5
C09120002012;12022010;42918102;5
C09120002012;12022010;42918103;5
C09120002012;12022010;42918104;7
C09120002012;12022010;52114502;1
C09120002012;12022010;43324401;3
C09120002012;12022010;43324402;3
C09120002012;12022010;43324403;4
C09120002012;12022010;43324404;3
C09120002012;12022010;43459304;5
C09120002012;12022010;43487733;3
C09120002012;12022010;43487735;3
C09120002012;12022010;52116002;5
