C09100005490;24112009;43381701;4
C09100005490;24112009;43381702;3
C09100005490;24112009;43381703;3
C09100005490;24112009;43381704;8
C09100005490;24112009;43324401;18
C09100005490;24112009;43324402;18
C09100005490;24112009;43324403;16
C09100005490;24112009;43324404;30
C09100005490;24112009;42918101;16
C09100005490;24112009;42918102;16
C09100005490;24112009;42918103;16
C09100005490;24112009;42918104;27
C09100005490;24112009;42918901;27
C09100005490;24112009;42918902;23
C09100005490;24112009;42918903;24
C09100005490;24112009;42918904;46
