C09120002608;19022010;43866101;2
C09120002608;19022010;43866102;2
C09120002608;19022010;43866103;2
C09120002608;19022010;43866104;21
C09120002608;19022010;42918101;1
C09120002608;19022010;42918102;1
C09120002608;19022010;42918103;1
C09120002608;19022010;42918104;2
C09120002608;19022010;42869401;1
C09120002608;19022010;43913801;1
C09120002608;19022010;43913802;1
C09120002608;19022010;43913803;1
C09120002608;19022010;43913804;1
C09120002608;19022010;42918982;1
C09120002608;19022010;42918983;1
C09120002608;19022010;42918984;6
