C09100006462;19022010;52116101;15
C09100006462;19022010;43501901;13
C09100006462;19022010;43381717;15
C09100006462;19022010;43381718;15
C09100006462;19022010;43381719;13
C09100006462;19022010;43381720;20
C09100006462;19022010;42918101;5
C09100006462;19022010;42918102;5
C09100006462;19022010;42918103;5
C09100006462;19022010;42918104;8
C09100006462;19022010;42102801;15
C09100006462;19022010;43865717;20
C09100006462;19022010;43865718;20
C09100006462;19022010;43865719;22
C09100006462;19022010;43865720;25
