C09110002834;28122009;41963001;5
C09110002834;28122009;41963002;7
C09110002834;28122009;41963003;5
C09110002834;28122009;43324402;2
C09110002834;28122009;43866102;2
C09110002834;28122009;43866101;3
C09110002834;28122009;43866104;4
C09110002834;28122009;43324401;2
C09110002834;28122009;43324404;3
C09110002834;28122009;43324420;2
C09110002834;28122009;42918981;2
C09110002834;28122009;42918984;1
C09110002834;28122009;43324403;4
C09110002834;28122009;43459304;1
C09110002834;28122009;43459302;1
C09110002834;28122009;43502001;5
