C09110003563;20042010;42918981;5
C09110003563;20042010;42918982;10
C09110003563;20042010;42918983;10
C09110003563;20042010;42918984;15
C09110003563;20042010;43381718;3
C09110003563;20042010;43381720;5
C09110003563;20042010;43449028;3
C09110003563;20042010;44059110;3
C09110003563;20042010;44059111;4
C09110003563;20042010;43866101;4
C09110003563;20042010;43324417;3
C09110003563;20042010;43324418;3
C09110003563;20042010;43324419;4
C09110003563;20042010;43324420;5
C09110003563;20042010;43487733;5
C09110003563;20042010;43487736;3
