C09100005300;24112009;42918901;3
C09100005300;24112009;42918902;6
C09100005300;24112009;42918903;5
C09100005300;24112009;42918904;4
C09100005300;24112009;41963001;3
C09100005300;24112009;41963002;2
C09100005300;24112009;41963003;6
C09100005300;24112009;41963004;6
C09100005300;24112009;42918101;2
C09100005300;24112009;42918102;2
C09100005300;24112009;42918103;2
C09100005300;24112009;42918104;3
C09100005300;24112009;41962801;2
C09100005300;24112009;41962802;2
C09100005300;24112009;41962803;2
C09100005300;24112009;41962804;2
C09100005300;24112009;43866101;1
C09100005300;24112009;43866103;1
C09100005300;24112009;43866104;2
C09100005300;24112009;41963401;1
C09100005300;24112009;41963402;1
C09100005300;24112009;41963403;1
C09100005300;24112009;42869401;1
C09100005300;24112009;43501901;3
C09100005300;24112009;43502001;21
C09100005300;24112009;43502301;1
