C09110000548;24112009;42918981;2
C09110000548;24112009;42918982;4
C09110000548;24112009;42918983;2
C09110000548;24112009;42918984;11
C09110000548;24112009;44059109;1
C09110000548;24112009;44059110;2
C09110000548;24112009;44059111;2
C09110000548;24112009;44059112;6
C09110000548;24112009;43866101;1
C09110000548;24112009;43866102;1
C09110000548;24112009;43866104;11
C09110000548;24112009;43913801;1
C09110000548;24112009;43913802;2
C09110000548;24112009;43913803;2
C09110000548;24112009;43913804;2
C09110000548;24112009;42869401;4
C09110000548;24112009;42918101;2
C09110000548;24112009;42918102;2
C09110000548;24112009;42918103;1
