C09100005571;22122010;43913801;8
C09100005571;22122010;43913802;8
C09100005571;22122010;43913803;7
C09100005571;22122010;43913804;10
C09100005571;22122010;43866101;15
C09100005571;22122010;43866102;13
C09100005571;22122010;43866103;11
C09100005571;22122010;43866104;11
C09100005571;22122010;52116002;5
C09100005571;22122010;52114502;5
C09100005571;22122010;42931701;3
C09100005571;22122010;42918102;3
C09100005571;22122010;42918104;3
C09100005571;22122010;43449025;8
C09100005571;22122010;43449026;8
C09100005571;22122010;43449027;5
C09100005571;22122010;43449028;7
