C09100006381;24112009;41963001;4
C09100006381;24112009;41963002;6
C09100006381;24112009;41963003;3
C09100006381;24112009;41963004;4
C09100006381;24112009;41962801;2
C09100006381;24112009;41962802;2
C09100006381;24112009;41962803;1
C09100006381;24112009;41962804;2
C09100006381;24112009;42918901;2
C09100006381;24112009;42918903;3
C09100006381;24112009;42918904;3
C09100006381;24112009;43502001;8
C09100006381;24112009;42918103;1
C09100006381;24112009;57100101;1
C09100006381;24112009;42869401;1
C09100006381;24112009;56115001;9
