C09100004338;24112009;42102801;8
C09100004338;24112009;43381901;10
C09100004338;24112009;52109001;1
C09100004338;24112009;43381701;2
C09100004338;24112009;43866101;1
C09100004338;24112009;43866103;1
C09100004338;24112009;43866104;2
C09100004338;24112009;43381902;6
C09100004338;24112009;43381903;6
C09100004338;24112009;43324402;1
C09100004338;24112009;43324403;1
C09100004338;24112009;43324404;3
C09100004338;24112009;42804501;1
C09100004338;24112009;42804502;1
C09100004338;24112009;42804503;2
C09100004338;24112009;42804504;2
C09100004338;24112009;42126601;1
C09100004338;24112009;42126602;2
C09100004338;24112009;42126603;1
C09100004338;24112009;43650301;1
C09100004338;24112009;43640301;24
C09100004338;24112009;42103001;7
C09100004338;24112009;42102901;45
C09100004338;24112009;BR10000092;17
