C10050001393;15072010;43866101;5
C10050001393;15072010;43866102;9
C10050001393;15072010;43866103;7
C10050001393;15072010;43866104;45
C10050001393;15072010;43913801;4
C10050001393;15072010;43913802;5
C10050001393;15072010;43913803;4
C10050001393;15072010;43913804;8
C10050001393;15072010;42869401;1
C10050001393;15072010;42918101;1
C10050001393;15072010;42918102;1
C10050001393;15072010;42918104;1
C10050001393;15072010;44059109;7
C10050001393;15072010;44059110;5
C10050001393;15072010;44059112;34
C10050001393;15072010;42918981;1
C10050001393;15072010;42918983;5
C10050001393;15072010;43459304;2