C10010000612;12022010;42918901;8
C10010000612;12022010;42918902;10
C10010000612;12022010;42918903;10
C10010000612;12022010;42918904;5
C10010000612;12022010;43866101;5
C10010000612;12022010;43866102;5
C10010000612;12022010;43866103;5
C10010000612;12022010;43866104;5
C10010000612;12022010;43913801;3
C10010000612;12022010;43913802;3
C10010000612;12022010;43913803;3
C10010000612;12022010;43913804;4
C10010000612;12022010;42918101;5
C10010000612;12022010;42918102;5
C10010000612;12022010;42918103;3
C10010000612;12022010;42918104;3
