C10080000328;04102011;52114501;15
C10080000328;04102011;52116002;11
C10080000328;04102011;43460202;19
C10080000328;04102011;43324403;21
C10080000328;04102011;43324401;23
C10080000328;04102011;43324402;23
C10080000328;04102011;43324404;28
C10080000328;04102011;43865718;5
C10080000328;04102011;43865717;4
C10080000328;04102011;43865720;4
C10080000328;04102011;43381704;11
C10080000328;04102011;43381702;12
C10080000328;04102011;43381701;13
C10080000328;04102011;43381703;15
C10080000328;04102011;BR10000092;7
