C10090001769;15102010;42918981;4
C10090001769;15102010;42918982;2
C10090001769;15102010;42918983;2
C10090001769;15102010;42918984;2
C10090001769;15102010;41962801;1
C10090001769;15102010;41962803;2
C10090001769;15102010;43913803;1
C10090001769;15102010;43866101;7
C10090001769;15102010;43866102;8
C10090001769;15102010;43866103;9
C10090001769;15102010;43866104;5
C10090001769;15102010;42918102;1
C10090001769;15102010;42918104;3
C10090001769;15102010;43459302;1
C10090001769;15102010;43459303;1
C10090001769;15102010;43459304;1
