C10050002012;13072010;43324417;142
C10050002012;13072010;43324418;144
C10050002012;13072010;43324419;41
C10050002012;13072010;43324420;35
C10050002012;13072010;43487734;1
C10050002012;13072010;43487735;24
C10050002012;13072010;43502001;37
C10050002012;13072010;43502301;7
C10050002012;13072010;42103001;2
C10050002012;13072010;43459301;8
C10050002012;13072010;43459302;13
C10050002012;13072010;43459303;11
C10050002012;13072010;43459304;7
C10050002012;13072010;41963001;11
C10050002012;13072010;41963002;9
C10050002012;13072010;41963003;6
C10050002012;13072010;41963004;9
