C10030001827;16042010;41962801;3
C10030001827;16042010;41962802;3
C10030001827;16042010;41962803;3
C10030001827;16042010;41962804;4
C10030001827;16042010;41963001;3
C10030001827;16042010;41963002;3
C10030001827;16042010;41963003;3
C10030001827;16042010;41963004;4
C10030001827;16042010;42918901;2
C10030001827;16042010;42918902;2
C10030001827;16042010;42918903;1
C10030001827;16042010;42918904;2
C10030001827;16042010;56115001;4
C10030001827;16042010;42918101;2
C10030001827;16042010;42918102;2
C10030001827;16042010;42918103;2
C10030001827;16042010;42918104;4
C10030001827;16042010;43502001;5
