C10010000108;12022010;42918904;15
C10010000108;12022010;42102801;36
C10010000108;12022010;42126601;3
C10010000108;12022010;42126602;3
C10010000108;12022010;42126603;3
C10010000108;12022010;42126604;5
C10010000108;12022010;41962801;3
C10010000108;12022010;41962802;3
C10010000108;12022010;41962803;3
C10010000108;12022010;41962804;5
C10010000108;12022010;43866101;5
C10010000108;12022010;43866102;5
C10010000108;12022010;43866103;5
C10010000108;12022010;43866104;5
C10010000108;12022010;42931701;1
C10010000108;12022010;42918104;1
