C10050005542;26072010;43979101;38
C10050005542;26072010;43324417;13
C10050005542;26072010;43324418;12
C10050005542;26072010;43324419;14
C10050005542;26072010;43324420;18
C10050005542;26072010;52114502;5
C10050005542;26072010;52116002;19
C10050005542;26072010;41963001;7
C10050005542;26072010;41963004;7
C10050005542;26072010;41945501;1
C10050005542;26072010;50230120;4
C10050005542;26072010;50231970;5
C10050005542;26072010;43381701;8
C10050005542;26072010;43381702;5
C10050005542;26072010;43381703;7
C10050005542;26072010;43381704;6
C10050005542;26072010;42918102;1
C10050005542;26072010;42918103;1
C10050005542;26072010;42918104;1
