C10050002950;13072010;43866101;5
C10050002950;13072010;43866102;5
C10050002950;13072010;43866103;7
C10050002950;13072010;43866104;17
C10050002950;13072010;44064013;1
C10050002950;13072010;44064014;1
C10050002950;13072010;44064016;1
C10050002950;13072010;42869401;1
C10050002950;13072010;42918901;2
C10050002950;13072010;42918902;4
C10050002950;13072010;42918903;3
C10050002950;13072010;42918904;8
C10050002950;13072010;44059109;3
C10050002950;13072010;44059110;3
C10050002950;13072010;44059111;2
C10050002950;13072010;44059112;11
