C10060005820;26082011;52116002;15
C10060005820;26082011;43979201;8
C10060005820;26082011;52116101;15
C10060005820;26082011;43381717;7
C10060005820;26082011;43381718;8
C10060005820;26082011;43381719;13
C10060005820;26082011;43381720;10
C10060005820;26082011;43979001;21
C10060005820;26082011;43363421;3
C10060005820;26082011;42931602;2
C10060005820;26082011;43363201;1
C10060005820;26082011;42918101;1
C10060005820;26082011;42918102;1
C10060005820;26082011;42918103;1
C10060005820;26082011;42918104;1
C10060005820;26082011;44064013;1
C10060005820;26082011;44064014;1
C10060005820;26082011;44064016;2
C10060005820;26082011;43979215;38
C10060005820;26082011;43865717;19
C10060005820;26082011;43865718;20
C10060005820;26082011;43865719;18
C10060005820;26082011;43865720;17
C10060005820;26082011;44318602;10
C10060005820;26082011;44318603;8
C10060005820;26082011;43502001;35
C10060005820;26082011;42918901;3
C10060005820;26082011;42918902;1
C10060005820;26082011;42918903;2
C10060005820;26082011;42918904;2
C10060005820;26082011;44059214;1
C10060005820;26082011;44059215;1
C10060005820;26082011;44059216;1
C10060005820;26082011;44059111;1
C10060005820;26082011;44059110;1
C10060005820;26082011;BR10000092;65
