C10060000276;20072011;44059216;1
C10060000276;20072011;44059214;1
C10060000276;20072011;42918904;18
C10060000276;20072011;42918902;15
C10060000276;20072011;42918903;15
C10060000276;20072011;42918901;13
C10060000276;20072011;42918982;13
C10060000276;20072011;42918981;12
C10060000276;20072011;42918983;11
C10060000276;20072011;42918984;15
C10060000276;20072011;44059110;5
C10060000276;20072011;44059111;3
C10060000276;20072011;44059112;3
C10060000276;20072011;42918104;5
C10060000276;20072011;42918102;4
C10060000276;20072011;42918103;3
C10060000276;20072011;42918101;3
C10060000276;20072011;41962803;5
C10060000276;20072011;41962801;9
C10060000276;20072011;41962804;7
C10060000276;20072011;41962802;5
C10060000276;20072011;44064015;5
C10060000276;20072011;44064016;7
C10060000276;20072011;44064014;7
C10060000276;20072011;44064013;6
C10060000276;20072011;43381720;2
C10060000276;20072011;43381718;3
C10060000276;20072011;43381719;3
C10060000276;20072011;43979001;5
C10060000276;20072011;43865720;4
C10060000276;20072011;BR10000092;3