C10060001393;40374;43866101;5
C10060001393;40374;43866102;9
C10060001393;40374;43866103;7
C10060001393;40374;43866104;45
C10060001393;40374;43913801;4
C10060001393;40374;43913802;5
C10060001393;40374;43913803;4
C10060001393;40374;43913804;8
C10060001393;40374;42869401;1
C10060001393;40374;42918101;1
C10060001393;40374;42918102;1
C10060001393;40374;42918104;1
C10060001393;40374;44059109;7
C10060001393;40374;44059110;5
C10060001393;40374;44059112;34
C10060001393;40374;42918981;1
C10060001393;40374;42918983;5
C10060001393;40374;43459304;2