C10020001620;20052010;41962802;2
C10020001620;20052010;41962803;3
C10020001620;20052010;41962804;5
C10020001620;20052010;41963001;2
C10020001620;20052010;41963002;2
C10020001620;20052010;41963003;3
C10020001620;20052010;41963004;3
C10020001620;20052010;42918101;1
C10020001620;20052010;42918102;1
C10020001620;20052010;42918103;1
C10020001620;20052010;42918104;1
C10020001620;20052010;42918902;1
C10020001620;20052010;42918903;1
C10020001620;20052010;42869401;1
C10020001620;20052010;57100101;1
C10020001620;20052010;43502001;2
C10020001620;20052010;56115001;5
