C10030004842;20042010;41963001;2
C10030004842;20042010;41963002;3
C10030004842;20042010;41963003;3
C10030004842;20042010;41963004;6
C10030004842;20042010;44059213;3
C10030004842;20042010;44059214;4
C10030004842;20042010;44059215;4
C10030004842;20042010;44059216;3
C10030004842;20042010;41963401;2
C10030004842;20042010;41963402;3
C10030004842;20042010;41963403;3
C10030004842;20042010;41963404;4
C10030004842;20042010;42918101;3
C10030004842;20042010;42918102;3
C10030004842;20042010;42918103;3
C10030004842;20042010;42918104;4
