C10030001584;16042010;41963001;10
C10030001584;16042010;41963002;10
C10030001584;16042010;41963003;10
C10030001584;16042010;41963004;10
C10030001584;16042010;42127401;11
C10030001584;16042010;42127402;10
C10030001584;16042010;42127403;12
C10030001584;16042010;42127404;15
C10030001584;16042010;42918101;1
C10030001584;16042010;42918102;2
C10030001584;16042010;42918103;3
C10030001584;16042010;42918104;5
C10030001584;16042010;42126601;3
C10030001584;16042010;42126602;3
C10030001584;16042010;42126603;2
C10030001584;16042010;42126604;5
