C10010003395;12022010;42918981;3
C10010003395;12022010;42918982;3
C10010003395;12022010;42918983;3
C10010003395;12022010;42918984;5
C10010003395;12022010;43866101;3
C10010003395;12022010;43866102;3
C10010003395;12022010;43866103;3
C10010003395;12022010;43866104;5
C10010003395;12022010;43913801;3
C10010003395;12022010;43913802;3
C10010003395;12022010;43913803;3
C10010003395;12022010;43913804;3
C10010003395;12022010;42918102;2
C10010003395;12022010;42918104;3
C10010003395;12022010;44064013;2
C10010003395;12022010;44064014;1
C10010003395;12022010;44064015;1
C10010003395;12022010;42931701;3
