C10040000467;20052010;43866102;2
C10040000467;20052010;43866103;3
C10040000467;20052010;43866104;3
C10040000467;20052010;42918981;2
C10040000467;20052010;42918982;3
C10040000467;20052010;42918983;3
C10040000467;20052010;42918984;5
C10040000467;20052010;41962801;5
C10040000467;20052010;42918101;2
C10040000467;20052010;42918102;2
C10040000467;20052010;42918103;3
C10040000467;20052010;42918104;5
C10040000467;20052010;52114502;5
C10040000467;20052010;41963001;3
C10040000467;20052010;41963002;3
C10040000467;20052010;41963003;5
C10040000467;20052010;41963004;8
C10040000467;20052010;42931701;2
