C10040003210;20052010;43866101;2
C10040003210;20052010;43866102;2
C10040003210;20052010;43866103;4
C10040003210;20052010;43866104;16
C10040003210;20052010;43913801;2
C10040003210;20052010;43913802;2
C10040003210;20052010;43913803;2
C10040003210;20052010;43913804;3
C10040003210;20052010;44059109;3
C10040003210;20052010;44059110;3
C10040003210;20052010;44059111;3
C10040003210;20052010;44059112;5
C10040003210;20052010;44064013;1
C10040003210;20052010;44064014;1
C10040003210;20052010;44064015;2
C10040003210;20052010;44064016;1
C10040003210;20052010;42918901;5
C10040003210;20052010;42918902;5
C10040003210;20052010;42918903;5
C10040003210;20052010;42918904;8
C10040003210;20052010;43979001;2
