C10020004300;16042010;41963001;5
C10020004300;16042010;41963002;8
C10020004300;16042010;41963003;8
C10020004300;16042010;41963004;10
C10020004300;16042010;44064013;10
C10020004300;16042010;44064014;10
C10020004300;16042010;44064015;13
C10020004300;16042010;44064016;12
C10020004300;16042010;43460202;10
C10020004300;16042010;43460203;10
C10020004300;16042010;43460204;15
C10020004300;16042010;43913802;3
C10020004300;16042010;43913804;3
C10020004300;16042010;44059111;3
C10020004300;16042010;44059112;3
C10020004300;16042010;42918101;5
C10020004300;16042010;42918102;5
C10020004300;16042010;42918103;5
C10020004300;16042010;42918104;5
