C10030003285;20052010;43324401;85
C10030003285;20052010;43324402;85
C10030003285;20052010;43324403;88
C10030003285;20052010;43324404;125
C10030003285;20052010;43381701;11
C10030003285;20052010;43381702;11
C10030003285;20052010;43381703;6
C10030003285;20052010;43381704;10
C10030003285;20052010;42918101;2
C10030003285;20052010;42918102;4
C10030003285;20052010;42918103;4
C10030003285;20052010;42918981;5
C10030003285;20052010;42918982;7
C10030003285;20052010;42918983;6
C10030003285;20052010;42918984;4
C10030003285;20052010;43363201;3
C10030003285;20052010;42931602;3
C10030003285;20052010;42931701;3
