C10030002637;20052010;42918101;1
C10030002637;20052010;42918102;1
C10030002637;20052010;42918103;1
C10030002637;20052010;42918104;1
C10030002637;20052010;43381717;1
C10030002637;20052010;43381720;1
C10030002637;20052010;44064014;1
C10030002637;20052010;42918981;1
C10030002637;20052010;42918982;1
C10030002637;20052010;42918983;1
C10030002637;20052010;42918984;1
C10030002637;20052010;43502001;4
C10030002637;20052010;41945601;1
C10030002637;20052010;41945521;1
C10030002637;20052010;43501901;2
C10030002637;20052010;44250709;1
C10030002637;20052010;44250710;1
C10030002637;20052010;44250711;1
C10030002637;20052010;44059216;1
C10030002637;20052010;44059214;1
C10030002637;20052010;43865718;1
C10030002637;20052010;43324420;1
C10030002637;20052010;43459402;2
C10030002637;20052010;43459404;1
C10030002637;20052010;42869401;1
C10030002637;20052010;43866101;1
C10030002637;20052010;43866102;1
C10030002637;20052010;43866103;1
C10030002637;20052010;43866104;14
