C10060001167;18112010;44059109;5
C10060001167;18112010;44059110;7
C10060001167;18112010;44059111;5
C10060001167;18112010;44059112;34
C10060001167;18112010;42918982;1
C10060001167;18112010;42918984;2
C10060001167;18112010;42918902;1
C10060001167;18112010;42918903;1
C10060001167;18112010;42918904;6
C10060001167;18112010;42869401;4
C10060001167;18112010;43979206;2
C10060001167;18112010;43979215;1
C10060001167;18112010;43866101;5
C10060001167;18112010;43866102;5
C10060001167;18112010;43866103;5
C10060001167;18112010;43866104;33
C10060001167;18112010;43913801;6
C10060001167;18112010;43913802;6
C10060001167;18112010;43913803;4
C10060001167;18112010;43913804;3
C10060001167;18112010;42918101;1
C10060001167;18112010;42918102;1
C10060001167;18112010;42918103;2
C10060001167;18112010;44064013;1
C10060001167;18112010;44064014;2
C10060001167;18112010;44064015;1
C10060001167;18112010;44064016;2
