C10020001387;23062010;42918901;10
C10020001387;23062010;42918902;14
C10020001387;23062010;42918903;15
C10020001387;23062010;42918904;9
C10020001387;23062010;42918101;7
C10020001387;23062010;42918102;7
C10020001387;23062010;42918103;7
C10020001387;23062010;42918104;6
C10020001387;23062010;41963601;3
C10020001387;23062010;41963602;2
C10020001387;23062010;41963603;2
C10020001387;23062010;41963604;2
C10020001387;23062010;41963001;2
C10020001387;23062010;41963002;5
C10020001387;23062010;41963003;8
C10020001387;23062010;41963004;5
C10020001387;23062010;41962801;2
