C10050004651;15072010;44059109;7
C10050004651;15072010;44059110;8
C10050004651;15072010;44059111;7
C10050004651;15072010;44059112;34
C10050004651;15072010;42918982;2
C10050004651;15072010;42918984;2
C10050004651;15072010;42918902;1
C10050004651;15072010;42918903;2
C10050004651;15072010;42918904;6
C10050004651;15072010;42869401;4
C10050004651;15072010;43979206;12
C10050004651;15072010;43866101;5
C10050004651;15072010;43866102;5
C10050004651;15072010;43866103;5
C10050004651;15072010;43866104;43
C10050004651;15072010;43913801;6
C10050004651;15072010;43913802;6
C10050004651;15072010;43913803;4
C10050004651;15072010;43913804;3
C10050004651;15072010;42918101;1
C10050004651;15072010;42918102;1
C10050004651;15072010;42918103;2