C10070006757;20072011;42918101;6
C10070006757;20072011;42918102;7
C10070006757;20072011;42918103;9
C10070006757;20072011;42918104;9
C10070006757;20072011;43381701;8
C10070006757;20072011;43381702;7
C10070006757;20072011;43381703;8
C10070006757;20072011;43381704;11
C10070006757;20072011;42918981;12
C10070006757;20072011;42918982;9
C10070006757;20072011;42918983;14
C10070006757;20072011;42931701;12
C10070006757;20072011;43363421;23
C10070006757;20072011;43363401;20
C10070006757;20072011;42931602;4
C10070006757;20072011;42918984;12
