C10050000745;20052010;41963001;11
C10050000745;20052010;41963002;8
C10050000745;20052010;41963003;14
C10050000745;20052010;41963004;17
C10050000745;20052010;41962801;1
C10050000745;20052010;41962802;2
C10050000745;20052010;41962803;1
C10050000745;20052010;41962804;3
C10050000745;20052010;42127401;1
C10050000745;20052010;42127402;1
C10050000745;20052010;42127403;1
C10050000745;20052010;42127404;2
C10050000745;20052010;43324401;1
C10050000745;20052010;43324402;3
C10050000745;20052010;43324403;1
C10050000745;20052010;43324404;4
C10050000745;20052010;43324417;3
C10050000745;20052010;43324418;2
C10050000745;20052010;43324419;1
C10050000745;20052010;43502301;1
C10050000745;20052010;43459304;1
C10050000745;20052010;42918901;1
C10050000745;20052010;42918902;3
C10050000745;20052010;42918903;2
C10050000745;20052010;42918904;1
C10050000745;20052010;52116002;1
C10050000745;20052010;52114502;1
C10050000745;20052010;42126604;1
C10050000745;20052010;43363421;6
C10050000745;20052010;42918981;3
C10050000745;20052010;42918983;2
C10050000745;20052010;42918984;4
C10050000745;20052010;43449026;1
C10050000745;20052010;43381702;2
C10050000745;20052010;43381720;1
C10050000745;20052010;41963604;1
C10050000745;20052010;42931601;1
C10050000745;20052010;43866101;5
C10050000745;20052010;43866102;7
C10050000745;20052010;43866103;7
C10050000745;20052010;43866104;2
C10050000745;20052010;42918102;2
C10050000745;20052010;42918103;2
C10050000745;20052010;42931701;1