C10040001196;20052010;41962801;2
C10040001196;20052010;41962802;3
C10040001196;20052010;41962803;3
C10040001196;20052010;41962804;3
C10040001196;20052010;43866101;11
C10040001196;20052010;43866102;15
C10040001196;20052010;43866103;17
C10040001196;20052010;43866104;23
C10040001196;20052010;42918101;3
C10040001196;20052010;42918102;4
C10040001196;20052010;42918103;2
C10040001196;20052010;42918104;8
C10040001196;20052010;42931701;5
C10040001196;20052010;42918984;1
C10040001196;20052010;42102801;1
C10040001196;20052010;43913801;2
C10040001196;20052010;43913802;5
C10040001196;20052010;43913803;3
C10040001196;20052010;43913804;7
C10040001196;20052010;44059109;1
C10040001196;20052010;44059110;1
C10040001196;20052010;44059111;1
C10040001196;20052010;44059112;5
C10040001196;20052010;44064013;1
C10040001196;20052010;44064014;1
C10040001196;20052010;44064015;1
C10040001196;20052010;42869401;7