C10060005740;27102011;42918101;4
C10060005740;27102011;42918102;4
C10060005740;27102011;42918103;1
C10060005740;27102011;42918104;1
C10060005740;27102011;43866101;1
C10060005740;27102011;43866102;1
C10060005740;27102011;43866103;1
C10060005740;27102011;43866104;2
C10060005740;27102011;43979215;12
C10060005740;27102011;42918981;1
C10060005740;27102011;42918982;1
C10060005740;27102011;42918983;3
C10060005740;27102011;42918984;3
C10060005740;27102011;44059109;2
C10060005740;27102011;44059110;2
C10060005740;27102011;44059111;1
C10060005740;27102011;44059216;1
C10060005740;27102011;43979001;1