C10090000606;22092010;42918101;5
C10090000606;22092010;42918102;5
C10090000606;22092010;42918103;6
C10090000606;22092010;42918104;7
C10090000606;22092010;43913801;3
C10090000606;22092010;43913804;3
C10090000606;22092010;43866101;11
C10090000606;22092010;43866102;37
C10090000606;22092010;43866103;28
C10090000606;22092010;43866104;31
C10090000606;22092010;43502001;18
C10090000606;22092010;42918981;57
C10090000606;22092010;42918982;48
C10090000606;22092010;42918983;55
C10090000606;22092010;42918984;65
