C10040002400;01032011;43501901;21
C10040002400;01032011;42102801;1
C10040002400;01032011;43979001;10
C10040002400;01032011;52116101;28
C10040002400;01032011;44318601;2
C10040002400;01032011;44318602;2
C10040002400;01032011;44318603;1
C10040002400;01032011;44318604;1
C10040002400;01032011;43866101;1
C10040002400;01032011;43866102;1
C10040002400;01032011;43866104;1
C10040002400;01032011;42931701;5
C10040002400;01032011;43979206;1
C10040002400;01032011;43979215;20
C10040002400;01032011;43865717;19
C10040002400;01032011;43865718;12
C10040002400;01032011;43865719;19
C10040002400;01032011;43865720;13
C10040002400;01032011;43324417;2
C10040002400;01032011;43324418;2
C10040002400;01032011;56120301;7
C10040002400;01032011;44064013;1
C10040002400;01032011;44064014;1
C10040002400;01032011;44064015;1
C10040002400;01032011;44064016;2
C10040002400;01032011;42918104;1
C10040002400;01032011;42918984;2
C10040002400;01032011;44059213;2
C10040002400;01032011;44059214;2
C10040002400;01032011;44059215;3
C10040002400;01032011;44059216;5
C10040002400;01032011;43502001;49
C10040002400;01032011;42102901;9
C10040002400;01032011;43363201;2
C10040002400;01032011;43363401;1
C10040002400;01032011;41962801;1
C10040002400;01032011;41962802;1
C10040002400;01032011;41962803;1
C10040002400;01032011;41962804;1
C10040002400;01032011;43381717;7
C10040002400;01032011;43381718;6
C10040002400;01032011;43381719;7
C10040002400;01032011;43381720;8
C10040002400;01032011;52114502;3
