C10010002402;20042010;41963001;2
C10010002402;20042010;41963002;3
C10010002402;20042010;41963003;3
C10010002402;20042010;41963004;4
C10010002402;20042010;41962801;3
C10010002402;20042010;41962802;3
C10010002402;20042010;41962803;3
C10010002402;20042010;41962804;5
C10010002402;20042010;43866101;2
C10010002402;20042010;43866102;3
C10010002402;20042010;43866103;3
C10010002402;20042010;43866104;6
C10010002402;20042010;42918981;3
C10010002402;20042010;42918982;3
C10010002402;20042010;42918983;4
C10010002402;20042010;42918984;5
C10010002402;20042010;43459301;3
C10010002402;20042010;43459302;3
C10010002402;20042010;43459303;5
C10010002402;20042010;43459304;5
C10010002402;20042010;42918102;2
C10010002402;20042010;42918103;3
C10010002402;20042010;42918104;4
