C10030003790;20052010;42918101;2
C10030003790;20052010;42918102;1
C10030003790;20052010;42918104;4
C10030003790;20052010;42931601;1
C10030003790;20052010;42869401;1
C10030003790;20052010;41945501;1
C10030003790;20052010;41945601;1
C10030003790;20052010;42127401;4
C10030003790;20052010;42127402;5
C10030003790;20052010;42127403;5
C10030003790;20052010;42127404;22
C10030003790;20052010;43324417;1
C10030003790;20052010;43324418;2
C10030003790;20052010;43324420;2
C10030003790;20052010;50231970;2
C10030003790;20052010;43502001;2
C10030003790;20052010;43913801;1
C10030003790;20052010;43913802;1
C10030003790;20052010;43913803;1
C10030003790;20052010;43913804;1
C10030003790;20052010;42126603;1
C10030003790;20052010;41962801;4
C10030003790;20052010;41962802;4
C10030003790;20052010;41962803;5
C10030003790;20052010;41962804;9
C10030003790;20052010;52116002;38
C10030003790;20052010;52114502;11
C10030003790;20052010;43363421;1
C10030003790;20052010;42625501;1
C10030003790;20052010;43487733;2
C10030003790;20052010;43487734;2
C10030003790;20052010;43487735;1
C10030003790;20052010;43487736;3
C10030003790;20052010;41963001;4
C10030003790;20052010;41963002;3
C10030003790;20052010;41963003;5
C10030003790;20052010;41963004;8
