C10080002886;01092010;43913801;3
C10080002886;01092010;43913802;3
C10080002886;01092010;43913803;3
C10080002886;01092010;43913804;3
C10080002886;01092010;41963001;3
C10080002886;01092010;41963002;4
C10080002886;01092010;41963003;5
C10080002886;01092010;41963004;3
C10080002886;01092010;42918901;3
C10080002886;01092010;42918902;3
C10080002886;01092010;42918903;5
C10080002886;01092010;42918904;5
C10080002886;01092010;41962801;5
C10080002886;01092010;41962802;3
C10080002886;01092010;41962803;4
C10080002886;01092010;41962804;3