C10030001746;16042010;42918101;5
C10030001746;16042010;42918102;5
C10030001746;16042010;42918103;5
C10030001746;16042010;42918104;8
C10030001746;16042010;43866101;9
C10030001746;16042010;43866102;11
C10030001746;16042010;43866103;10
C10030001746;16042010;43866104;10
C10030001746;16042010;43913802;3
C10030001746;16042010;43913803;3
C10030001746;16042010;43913804;2
C10030001746;16042010;42869401;2
C10030001746;16042010;42918901;3
C10030001746;16042010;42918902;3
C10030001746;16042010;42918903;5
C10030001746;16042010;42918904;8
