C10020001891;16042010;41963001;5
C10020001891;16042010;41963002;5
C10020001891;16042010;41963003;5
C10020001891;16042010;41963004;8
C10020001891;16042010;42918901;1
C10020001891;16042010;42918902;1
C10020001891;16042010;42918903;2
C10020001891;16042010;42918904;3
C10020001891;16042010;42918981;2
C10020001891;16042010;42918982;3
C10020001891;16042010;42918983;3
C10020001891;16042010;42918984;3
C10020001891;16042010;43866101;10
C10020001891;16042010;43866102;10
C10020001891;16042010;43866103;10
C10020001891;16042010;43866104;15
C10020001891;16042010;41962801;3
C10020001891;16042010;41962802;3
C10020001891;16042010;41962803;3
C10020001891;16042010;41962804;3
C10020001891;16042010;42918102;4
C10020001891;16042010;42918104;4
C10020001891;16042010;52116101;2
C10020001891;16042010;41945601;2
