C10010000370;12022010;41963001;3
C10010000370;12022010;41963002;3
C10010000370;12022010;41963003;3
C10010000370;12022010;41963004;4
C10010000370;12022010;43866101;3
C10010000370;12022010;43866102;3
C10010000370;12022010;43866103;3
C10010000370;12022010;43866104;4
C10010000370;12022010;43913802;1
C10010000370;12022010;43913803;1
C10010000370;12022010;42918901;3
C10010000370;12022010;42918902;3
C10010000370;12022010;42918903;3
C10010000370;12022010;42918904;4
C10010000370;12022010;42918101;3
C10010000370;12022010;42918102;3
C10010000370;12022010;42918103;4
C10010000370;12022010;42918104;5
C10010000370;12022010;44059213;3
C10010000370;12022010;44059214;3
C10010000370;12022010;44059215;2
C10010000370;12022010;44059216;3
C10010000370;12022010;41962802;1
C10010000370;12022010;41962804;1
C10010000370;12022010;42931701;3
