C10040000890;23062010;43866101;3
C10040000890;23062010;43866102;3
C10040000890;23062010;43866103;4
C10040000890;23062010;43866104;5
C10040000890;23062010;42918981;2
C10040000890;23062010;42918982;3
C10040000890;23062010;42918983;3
C10040000890;23062010;42918984;5
C10040000890;23062010;41963001;6
C10040000890;23062010;41963002;4
C10040000890;23062010;41963003;4
C10040000890;23062010;41963004;5
C10040000890;23062010;44059213;1
C10040000890;23062010;44059214;2
C10040000890;23062010;43979206;11
C10040000890;23062010;42918103;1
C10040000890;23062010;42918104;1
C10040000890;23062010;43324401;5
C10040000890;23062010;43324402;3
C10040000890;23062010;43324404;8
C10040000890;23062010;43865720;5
