C10100000280;31102010;52116002;125
C10100000280;31102010;52114502;1
C10100000280;31102010;42918101;17
C10100000280;31102010;42918102;15
C10100000280;31102010;42918103;15
C10100000280;31102010;42918104;22
C10100000280;31102010;42102801;20
C10100000280;31102010;42869401;5
C10100000280;31102010;42931602;3
C10100000280;31102010;41962801;3
C10100000280;31102010;41962802;3
C10100000280;31102010;41962803;2
C10100000280;31102010;41962804;4
C10100000280;31102010;43866101;3
C10100000280;31102010;43866102;4
C10100000280;31102010;43866103;2
C10100000280;31102010;43866104;4
