C10120002032;10062011;52116002;15
C10120002032;10062011;43979215;11
C10120002032;10062011;42126602;15
C10120002032;10062011;42126603;15
C10120002032;10062011;42126604;15
C10120002032;10062011;42126601;13
C10120002032;10062011;43865719;47
C10120002032;10062011;43865720;23
C10120002032;10062011;43865717;22
C10120002032;10062011;41963003;21
C10120002032;10062011;41963002;25
C10120002032;10062011;41963001;25
C10120002032;10062011;41963004;28
C10120002032;10062011;43324417;5
C10120002032;10062011;43324418;5
C10120002032;10062011;43324419;3
C10120002032;10062011;43324420;5
C10120002032;10062011;44059216;3
C10120002032;10062011;44059214;3
