C10110002188;23112010;52116002;5
C10110002188;23112010;44064013;5
C10110002188;23112010;44064014;3
C10110002188;23112010;44064015;8
C10110002188;23112010;44064016;3
C10110002188;23112010;52114502;8
C10110002188;23112010;43913801;6
C10110002188;23112010;43913802;6
C10110002188;23112010;42918981;3
C10110002188;23112010;42918982;3
C10110002188;23112010;42918983;4
C10110002188;23112010;42918984;6
C10110002188;23112010;43866101;3
C10110002188;23112010;43866102;5
C10110002188;23112010;43866103;5
C10110002188;23112010;43866104;8
