C10120003357;17012011;42869401;11
C10120003357;17012011;44059112;15
C10120003357;17012011;44059111;11
C10120003357;17012011;44059110;13
C10120003357;17012011;44059109;15
C10120003357;17012011;44064014;4
C10120003357;17012011;44064013;3
C10120003357;17012011;44064015;5
C10120003357;17012011;44064016;5
C10120003357;17012011;52116002;5
C10120003357;17012011;43913804;5
C10120003357;17012011;43913802;3
C10120003357;17012011;42918102;1
C10120003357;17012011;42918103;2
C10120003357;17012011;42918104;2
C10120003357;17012011;42918101;1
C10120003357;17012011;43979215;5
C10120003357;17012011;43866104;10
C10120003357;17012011;43866102;8
C10120003357;17012011;43866101;9
C10120003357;17012011;43866103;5
