C10110000304;21092011;44064015;2
C10110000304;21092011;44064013;2
C10110000304;21092011;44064014;4
C10110000304;21092011;44064016;4
C10110000304;21092011;BR10000092;7
C10110000304;21092011;44318504;5
C10110000304;21092011;44318502;5
C10110000304;21092011;44036041;10
C10110000304;21092011;44036042;10
C10110000304;21092011;44036043;11
C10110000304;21092011;44036044;15
C10110000304;21092011;44059112;4
C10110000304;21092011;44059111;5
C10110000304;21092011;44059110;5
C10110000304;21092011;44059109;3
