C10100001928;08112010;44064013;13
C10100001928;08112010;44064014;10
C10100001928;08112010;44064015;11
C10100001928;08112010;44064016;11
C10100001928;08112010;41963001;20
C10100001928;08112010;41963002;15
C10100001928;08112010;41963003;16
C10100001928;08112010;41963004;25
C10100001928;08112010;42918981;3
C10100001928;08112010;42918982;3
C10100001928;08112010;42918983;5
C10100001928;08112010;42918984;5
C10100001928;08112010;43866101;9
C10100001928;08112010;43866102;8
C10100001928;08112010;43866103;5
C10100001928;08112010;43866104;8
