C10110003230;21122010;42102901;33
C10110003230;21122010;43502001;15
C10110003230;21122010;43979001;7
C10110003230;21122010;43324417;11
C10110003230;21122010;43324418;11
C10110003230;21122010;43324419;13
C10110003230;21122010;43324420;15
C10110003230;21122010;43979215;11
C10110003230;21122010;42918981;1
C10110003230;21122010;42918982;1
C10110003230;21122010;42918983;1
C10110003230;21122010;42918984;2
C10110003230;21122010;43866101;3
C10110003230;21122010;43866102;3
C10110003230;21122010;43866103;4
C10110003230;21122010;43866104;5
