C10120002466;17012011;42918102;10
C10120002466;17012011;42918101;5
C10120002466;17012011;42918104;5
C10120002466;17012011;43381701;5
C10120002466;17012011;43381702;5
C10120002466;17012011;43381703;5
C10120002466;17012011;43381704;5
C10120002466;17012011;43324404;5
C10120002466;17012011;43324403;5
C10120002466;17012011;43324402;5
C10120002466;17012011;43324401;5
C10120002466;17012011;42931701;5
C10120002466;17012011;52114502;5
C10120002466;17012011;42918983;5
C10120002466;17012011;42918981;5
C10120002466;17012011;42918982;10
C10120002466;17012011;42918984;10
