C10100003548;19072011;41963001;15
C10100003548;19072011;41963002;5
C10100003548;19072011;41963003;15
C10100003548;19072011;41963004;4
C10100003548;19072011;41962801;10
C10100003548;19072011;41962802;9
C10100003548;19072011;41962803;7
C10100003548;19072011;41962804;14
C10100003548;19072011;43913801;1
C10100003548;19072011;43913802;1
C10100003548;19072011;43913803;1
C10100003548;19072011;43913804;1
C10100003548;19072011;42918101;2
C10100003548;19072011;42918102;2
C10100003548;19072011;42918103;2
C10100003548;19072011;42918104;1
C10100003548;19072011;42869401;1
C10100003548;19072011;42918901;1
C10100003548;19072011;42918902;2
C10100003548;19072011;42918903;2
C10100003548;19072011;42918904;3
C10100003548;19072011;42931701;1
C10100003548;19072011;42931602;1
C10100003548;19072011;41945521;4
C10100003548;19072011;41945601;4
C10100003548;19072011;43363421;1
C10100003548;19072011;43854901;1
