C10110003311;27012011;44064013;3
C10110003311;27012011;44064014;5
C10110003311;27012011;44064015;5
C10110003311;27012011;44064016;2
C10110003311;27012011;43913801;11
C10110003311;27012011;43913802;11
C10110003311;27012011;43913803;10
C10110003311;27012011;43913804;13
C10110003311;27012011;41962801;7
C10110003311;27012011;41962802;9
C10110003311;27012011;41962803;8
C10110003311;27012011;41962804;11
C10110003311;27012011;42918101;1
C10110003311;27012011;42918102;1
C10110003311;27012011;42918103;1
C10110003311;27012011;42918104;1
C10110003311;27012011;52116002;15
C10110003311;27012011;42931701;5
C10110003311;27012011;56115001;13
