C10110000649;04102011;43381717;3
C10110000649;04102011;43381718;5
C10110000649;04102011;43381719;5
C10110000649;04102011;43381720;1
C10110000649;04102011;44064016;2
C10110000649;04102011;42918103;1
C10110000649;04102011;42918984;1
C10110000649;04102011;56120301;3
C10110000649;04102011;43979001;5
C10110000649;04102011;43979215;18
C10110000649;04102011;43979206;5
C10110000649;04102011;43865717;10
C10110000649;04102011;43865718;11
C10110000649;04102011;43865719;10
C10110000649;04102011;43865720;9
C10110000649;04102011;43502001;15
C10110000649;04102011;52116101;2
C10110000649;04102011;43324417;1
C10110000649;04102011;43324418;1
C10110000649;04102011;43324420;3
C10110000649;04102011;43866101;1
C10110000649;04102011;43866103;1
C10110000649;04102011;43866104;1
C10110000649;04102011;44059112;5
C10110000649;04102011;44059213;1
C10110000649;04102011;44059214;1
C10110000649;04102011;44059215;1
C10110000649;04102011;52114502;14
C10110000649;04102011;52116002;3
C10110000649;04102011;42918104;1
C10110000649;04102011;42102801;1
