C11060005764;01072011;42918101;3
C11060005764;01072011;42918102;2
C11060005764;01072011;42918103;1
C11060005764;01072011;42918104;1
C11060005764;01072011;41963004;1
C11060005764;01072011;43866101;1
C11060005764;01072011;42918982;2
C11060005764;01072011;42918984;3
C11060005764;01072011;43913801;1
C11060005764;01072011;44059110;1
C11060005764;01072011;44059111;1
C11060005764;01072011;44059112;1
C11060005764;01072011;43979001;5
C11060005764;01072011;43459301;2
C11060005764;01072011;43979201;2
C11060005764;01072011;44318603;2
C11060005764;01072011;43866102;3
C11060005764;01072011;43487733;1
C11060005764;01072011;43487736;1
C11060005764;01072011;43866101;2
C11060005764;01072011;43866102;1
C11060005764;01072011;43866103;1
C11060005764;01072011;42869401;2
C11060005764;01072011;42931701;1
C11060005764;01072011;41963004;1
C11060005764;01072011;42918901;1
C11060005764;01072011;42918982;2
C11060005764;01072011;43865719;1
C11060005764;01072011;43865720;2
C11060005764;01072011;43866101;1
