C11080003287;25082011;52114502;11
C11080003287;25082011;52116002;13
C11080003287;25082011;44036041;35
C11080003287;25082011;44036042;33
C11080003287;25082011;44036043;32
C11080003287;25082011;44036044;27
C11080003287;25082011;43979215;2
C11080003287;25082011;42102901;37
C11080003287;25082011;43502001;33
C11080003287;25082011;42127404;3
C11080003287;25082011;42127402;2
C11080003287;25082011;42126603;4
C11080003287;25082011;42126604;4
C11080003287;25082011;42126601;3
C11080003287;25082011;42126602;2
C11080003287;25082011;43866102;31
C11080003287;25082011;43866103;33
C11080003287;25082011;43866104;25
C11080003287;25082011;43866101;23
C11080003287;25082011;BR10000092;3
