C11070000307;29072011;43381717;1
C11070000307;29072011;43381718;1
C11070000307;29072011;43381719;1
C11070000307;29072011;43460202;3
C11070000307;29072011;43460204;3
C11070000307;29072011;42126601;1
C11070000307;29072011;42126602;1
C11070000307;29072011;42126603;1
C11070000307;29072011;42126604;1
C11070000307;29072011;41962801;1
C11070000307;29072011;41962802;1
C11070000307;29072011;42918101;1
C11070000307;29072011;42918102;2
C11070000307;29072011;42918103;1
C11070000307;29072011;42918104;4
C11070000307;29072011;43501901;11
C11070000307;29072011;43979001;4
C11070000307;29072011;44036041;7
C11070000307;29072011;44036042;5
C11070000307;29072011;44036043;3
C11070000307;29072011;44036044;20
C11070000307;29072011;42918901;4
C11070000307;29072011;42918902;7
C11070000307;29072011;42918903;5
C11070000307;29072011;44035533;3
C11070000307;29072011;44035534;3
C11070000307;29072011;44035535;1
C11070000307;29072011;44035536;3
C11070000307;29072011;50231970;8
C11070000307;29072011;42102801;8
C11070000307;29072011;43979001;5
C11070000307;29072011;41963002;2
C11070000307;29072011;41963003;1
C11070000307;29072011;41963004;2
C11070000307;29072011;43913804;1
C11070000307;29072011;43501901;6
C11070000307;29072011;43377001;1
C11070000307;29072011;42869401;3
C11070000307;29072011;43378001;1
C11070000307;29072011;42931701;1
C11070000307;29072011;43459301;12
C11070000307;29072011;43459302;8
C11070000307;29072011;43459303;7
C11070000307;29072011;43459304;13
C11070000307;29072011;43979215;24
C11070000307;29072011;44036044;1
C11070000307;29072011;43501901;9
C11070000307;29072011;42377801;10
C11070000307;29072011;43866101;4
C11070000307;29072011;43866102;2
C11070000307;29072011;43866103;3
C11070000307;29072011;43866104;1
