C11050002894;24052011;41963001;24
C11050002894;24052011;41963004;25
C11050002894;24052011;42102801;24
C11050002894;24052011;42127401;2
C11050002894;24052011;42127402;2
C11050002894;24052011;43459402;2
C11050002894;24052011;43459403;2
C11050002894;24052011;43459404;8
C11050002894;24052011;41963002;22
C11050002894;24052011;41963001;22
C11050002894;24052011;43979201;4
C11050002894;24052011;43979215;79
C11050002894;24052011;44064013;5
C11050002894;24052011;44064014;1
C11050002894;24052011;44064015;3
C11050002894;24052011;44064016;3
C11050002894;24052011;52116102;95
C11050002894;24052011;BR10000092;11