C11060005500;19072011;43502001;16
C11060005500;19072011;42918902;1
C11060005500;19072011;42918903;1
C11060005500;19072011;43866103;1
C11060005500;19072011;43866104;1
C11060005500;19072011;41963003;1
C11060005500;19072011;43979215;3
C11060005500;19072011;42869401;2
C11060005500;19072011;43324401;3
C11060005500;19072011;43324402;3
C11060005500;19072011;43324403;2
C11060005500;19072011;43324404;2
C11060005500;19072011;43381701;1
C11060005500;19072011;43381702;1
C11060005500;19072011;43381703;1
C11060005500;19072011;43381704;1
C11060005500;19072011;42102901;1
C11060005500;19072011;43459302;6
C11060005500;19072011;BR10000092;47
