C11090002593;18112011;43979215;130
C11090002593;18112011;43324417;43
C11090002593;18112011;43324418;10
C11090002593;18112011;43324419;7
C11090002593;18112011;43324420;16
C11090002593;18112011;43865717;16
C11090002593;18112011;43865718;2
C11090002593;18112011;43865720;13
C11090002593;18112011;43324401;33
C11090002593;18112011;43324402;6
C11090002593;18112011;43324403;4
C11090002593;18112011;43324404;53
C11090002593;18112011;43501901;25
C11090002593;18112011;43381717;10
C11090002593;18112011;43381718;7
C11090002593;18112011;43381719;9
C11090002593;18112011;43381720;9
C11090002593;18112011;43381701;7
C11090002593;18112011;43381702;7
C11090002593;18112011;43381703;9
C11090002593;18112011;43381704;12
C11090002593;18112011;43460201;4
C11090002593;18112011;43460202;3
C11090002593;18112011;43460203;1
C11090002593;18112011;43460204;3
C11090002593;18112011;43979001;320
C11090002593;18112011;42127402;40
C11090002593;18112011;42127401;92
C11090002593;18112011;42127403;87
C11090002593;18112011;43502001;1200
C11090002593;18112011;42126601;46
C11090002593;18112011;42126602;41
C11090002593;18112011;42126603;39
C11090002593;18112011;42126604;45
