C11080003600;16092011;41962801;3
C11080003600;16092011;41962802;1
C11080003600;16092011;41962803;5
C11080003600;16092011;41962804;2
C11080003600;16092011;42918101;2
C11080003600;16092011;42918102;1
C11080003600;16092011;42918103;1
C11080003600;16092011;42918104;1
C11080003600;16092011;43501901;1
C11080003600;16092011;41963001;4
C11080003600;16092011;41963002;6
C11080003600;16092011;41963003;3
C11080003600;16092011;41963004;8
C11080003600;16092011;42931701;1
C11080003600;16092011;42931602;1
C11080003600;16092011;42869401;1
C11080003600;16092011;43979215;2
C11080003600;16092011;43502001;4
C11080003600;16092011;56115001;12
C11080003600;16092011;42918901;2
C11080003600;16092011;42918902;2
C11080003600;16092011;42918903;2
C11080003600;16092011;42918904;2
C11080003600;16092011;43363201;2
C11080003600;16092011;50224901;1
