C11070006500;08082011;44341901;2
C11070006500;08082011;43381717;3
C11070006500;08082011;44318501;2
C11070006500;08082011;44318502;4
C11070006500;08082011;43381718;5
C11070006500;08082011;43913804;10
C11070006500;08082011;42918101;6
C11070006500;08082011;42918102;5
C11070006500;08082011;42918103;5
C11070006500;08082011;42918104;90
C11070006500;08082011;44318601;12
C11070006500;08082011;44318602;14
C11070006500;08082011;44318603;9
C11070006500;08082011;44318604;20
C11070006500;08082011;43459301;60
C11070006500;08082011;43459302;9
C11070006500;08082011;43459303;7
C11070006500;08082011;43459304;11
C11070006500;08082011;44036041;2
C11070006500;08082011;43363421;2
C11070006500;08082011;44289101;20
