C11080000342;08082011;44035535;1
C11080000342;08082011;44035536;1
C11080000342;08082011;52116002;3
C11080000342;08082011;42918101;1
C11080000342;08082011;42918103;1
C11080000342;08082011;42918104;1
C11080000342;08082011;44064013;1
C11080000342;08082011;44064014;1
C11080000342;08082011;44064015;1
C11080000342;08082011;44064016;1
C11080000342;08082011;43913801;3
C11080000342;08082011;43913802;3
C11080000342;08082011;43913803;2
C11080000342;08082011;43913804;2
C11080000342;08082011;43866101;1
C11080000342;08082011;43866102;3
C11080000342;08082011;43866103;2
C11080000342;08082011;43866104;13
C11080000342;08082011;44059213;1
C11080000342;08082011;44059214;2
C11080000342;08082011;44059215;2
C11080000342;08082011;44059216;2
C11080000342;08082011;43979215;3
C11080000342;08082011;43979001;1
C11080000342;08082011;44059111;1
C11080000342;08082011;44059112;2
