C11070007077;08082011;44036041;1
C11070007077;08082011;44036042;1
C11070007077;08082011;44036043;1
C11070007077;08082011;44036044;14
C11070007077;08082011;44035533;3
C11070007077;08082011;44035534;2
C11070007077;08082011;44035535;3
C11070007077;08082011;44035536;3
C11070007077;08082011;44059109;1
C11070007077;08082011;44059111;2
C11070007077;08082011;44059112;6
C11070007077;08082011;43979001;1
C11070007077;08082011;43866101;7
C11070007077;08082011;43866102;7
C11070007077;08082011;43866103;8
C11070007077;08082011;43866104;58
C11070007077;08082011;42869401;8
C11070007077;08082011;43913801;2
C11070007077;08082011;43913802;1
C11070007077;08082011;43913803;2
C11070007077;08082011;43913804;3
C11070007077;08082011;43979215;8
C11070007077;08082011;43324420;5
C11070007077;08082011;44318604;1
