C11070003241;25082011;42102901;1
C11070003241;25082011;43979206;1
C11070003241;25082011;43979215;69
C11070003241;25082011;43865717;9
C11070003241;25082011;43865718;16
C11070003241;25082011;43865719;15
C11070003241;25082011;43865720;14
C11070003241;25082011;44059213;5
C11070003241;25082011;44059214;5
C11070003241;25082011;44059215;6
C11070003241;25082011;44059216;15
C11070003241;25082011;43502001;9
C11070003241;25082011;43979201;5
C11070003241;25082011;42918981;2
C11070003241;25082011;42918982;3
C11070003241;25082011;42918983;2
C11070003241;25082011;42918984;3
C11070003241;25082011;44059109;1
C11070003241;25082011;44059111;1
C11070003241;25082011;44059112;1
C11070003241;25082011;43979001;19
C11070003241;25082011;43381718;2
C11070003241;25082011;43381719;9
C11070003241;25082011;44318503;1
C11070003241;25082011;43866103;1
C11070003241;25082011;BR10000092;14
