C11090005347;11112011;43979215;37
C11090005347;11112011;43381717;1
C11090005347;11112011;43381719;2
C11090005347;11112011;43324417;1
C11090005347;11112011;43324418;1
C11090005347;11112011;43324419;1
C11090005347;11112011;43324420;3
C11090005347;11112011;44318601;3
C11090005347;11112011;44318602;3
C11090005347;11112011;44318603;3
C11090005347;11112011;44318604;3
C11090005347;11112011;41962802;2
C11090005347;11112011;41962804;2
C11090005347;11112011;43460202;1
C11090005347;11112011;41963002;1
C11090005347;11112011;41963003;1
C11090005347;11112011;41963004;2
C11090005347;11112011;43529404;1
C11090005347;11112011;44059109;3
C11090005347;11112011;44059110;3
C11090005347;11112011;44059111;3
C11090005347;11112011;44059112;2
C11090005347;11112011;43854901;1
C11090005347;11112011;56123402;1
C11090005347;11112011;56120301;1
C11090005347;11112011;44064016;1
C11090005347;11112011;43459301;2
C11090005347;11112011;43459302;1
C11090005347;11112011;43459303;1
C11090005347;11112011;43459304;1
C11090005347;11112011;43913801;1
C11090005347;11112011;43913802;1
C11090005347;11112011;43913803;1
C11090005347;11112011;43979201;6
C11090005347;11112011;43979001;19
C11090005347;11112011;52114502;2
C11090005347;11112011;43363421;1
C11090005347;11112011;42918981;5
C11090005347;11112011;42918982;6
C11090005347;11112011;42918983;6
C11090005347;11112011;42918984;7
C11090005347;11112011;42918901;5
C11090005347;11112011;42918902;3
C11090005347;11112011;42918903;4
C11090005347;11112011;42918904;6
