C11090009504;27102011;44059213;1
C11090009504;27102011;44059214;3
C11090009504;27102011;44059215;1
C11090009504;27102011;44059216;5
C11090009504;27102011;43979215;7
C11090009504;27102011;43866104;1
C11090009504;27102011;44318601;2
C11090009504;27102011;44318602;2
C11090009504;27102011;44318603;1
C11090009504;27102011;44318604;4
C11090009504;27102011;43865717;2
C11090009504;27102011;43865718;2
C11090009504;27102011;43865719;2
C11090009504;27102011;43865720;1
C11090009504;27102011;44318501;1
C11090009504;27102011;44318502;1
C11090009504;27102011;44318503;1
C11090009504;27102011;44318504;2
C11090009504;27102011;43979201;6
C11090009504;27102011;43979001;9
C11090009504;27102011;44059112;2
C11090009504;27102011;44289101;2
C11090009504;27102011;43979001;5
C11090009504;27102011;52116002;5
C11090009504;27102011;43979215;20
