C11070005708;29072011;43913801;7
C11070005708;29072011;43913802;8
C11070005708;29072011;43913803;7
C11070005708;29072011;43913804;11
C11070005708;29072011;42918101;1
C11070005708;29072011;42918104;2
C11070005708;29072011;44064013;1
C11070005708;29072011;44064014;2
C11070005708;29072011;44064015;2
C11070005708;29072011;42869401;3
C11070005708;29072011;44036042;2
C11070005708;29072011;44036043;1
C11070005708;29072011;44036044;16
C11070005708;29072011;42918982;1
C11070005708;29072011;42918983;2
C11070005708;29072011;42918984;8
C11070005708;29072011;41963001;8
C11070005708;29072011;41963002;9
C11070005708;29072011;41963003;8
C11070005708;29072011;41963004;12
C11070005708;29072011;44059109;5
C11070005708;29072011;44059110;5
C11070005708;29072011;44059111;5
C11070005708;29072011;44059112;12
C11070005708;29072011;44059213;4
C11070005708;29072011;44059214;4
C11070005708;29072011;44059215;5
C11070005708;29072011;44059216;8
C11070005708;29072011;43979215;6
C11070005708;29072011;43866101;2
C11070005708;29072011;43866102;2
C11070005708;29072011;43866104;3
C11070005708;29072011;43979001;2
C11070005708;29072011;44036044;2
C11070005708;29072011;BR10000092;1
