C11030002066;31032011;52116002;15
C11030002066;31032011;43865718;21
C11030002066;31032011;43865717;23
C11030002066;31032011;43865719;22
C11030002066;31032011;43865720;19
C11030002066;31032011;43459302;5
C11030002066;31032011;43459304;3
C11030002066;31032011;43459303;3
C11030002066;31032011;43459301;2
C11030002066;31032011;43502301;5
C11030002066;31032011;43381720;5
C11030002066;31032011;43460204;5
C11030002066;31032011;BR10000092;3
C11030002066;31032011;43324402;11
C11030002066;31032011;43324404;13
C11030002066;31032011;43324403;12
C11030002066;31032011;43324401;11
C11030002066;31032011;43324419;11