C11040002506;02052011;43381704;5
C11040002506;02052011;43381701;3
C11040002506;02052011;43381702;3
C11040002506;02052011;43381703;2
C11040002506;02052011;43501901;5
C11040002506;02052011;43979215;7
C11040002506;02052011;43381903;7
C11040002506;02052011;43381904;8
C11040002506;02052011;43381902;5
C11040002506;02052011;43381901;5
C11040002506;02052011;42126603;3
C11040002506;02052011;42126602;3
C11040002506;02052011;42126604;3
C11040002506;02052011;42126601;11
C11040002506;02052011;43324417;13
C11040002506;02052011;43324418;13
C11040002506;02052011;43324419;15
C11040002506;02052011;43324420;16
C11040002506;02052011;52116002;20
