C11050003270;24052011;42102901;28
C11050003270;24052011;42918101;2
C11050003270;24052011;42918102;2
C11050003270;24052011;42918103;2
C11050003270;24052011;42918104;2
C11050003270;24052011;43913804;1
C11050003270;24052011;43913803;2
C11050003270;24052011;43913802;1
C11050003270;24052011;43913801;3
C11050003270;24052011;41514706;1
C11050003270;24052011;41514705;3
C11050003270;24052011;44064013;1
C11050003270;24052011;42918983;2
C11050003270;24052011;42918982;3
C11050003270;24052011;42918984;6
C11050003270;24052011;42918981;3
C11050003270;24052011;43979001;5
C11050003270;24052011;44318601;5
C11050003270;24052011;41514707;1
C11050003270;24052011;43866102;4
C11050003270;24052011;43866103;3
C11050003270;24052011;43866104;5
C11050003270;24052011;41963003;1
C11050003270;24052011;42869401;2
C11050003270;24052011;41963002;1
C11050003270;24052011;41963001;1
C11050003270;24052011;41963004;3
C11050003270;24052011;43865719;1
C11050003270;24052011;42931701;1
C11050003270;24052011;44318603;2
C11050003270;24052011;44318602;2
C11050003270;24052011;41962802;2
C11050003270;24052011;43854901;1
C11050003270;24052011;41962804;1
C11050003270;24052011;41962803;1
