C11010004110;17022011;43913802;15
C11010004110;17022011;43913801;11
C11010004110;17022011;43913803;13
C11010004110;17022011;43913804;15
C11010004110;17022011;52116002;20
C11010004110;17022011;52114502;15
C11010004110;17022011;42918981;11
C11010004110;17022011;42918982;13
C11010004110;17022011;42918983;13
C11010004110;17022011;42918984;15
C11010004110;17022011;42918102;10
C11010004110;17022011;42918103;11
C11010004110;17022011;42918104;11
C11010004110;17022011;42918101;5
C11010004110;17022011;44059109;11
C11010004110;17022011;44059110;11
C11010004110;17022011;44059111;13
C11010004110;17022011;44059112;15
