C11010002761;25022011;44064013;4
C11010002761;25022011;44064014;7
C11010002761;25022011;44064015;7
C11010002761;25022011;44064016;5
C11010002761;25022011;42918101;9
C11010002761;25022011;42918102;9
C11010002761;25022011;42918103;11
C11010002761;25022011;42918104;11
C11010002761;25022011;43913801;120
C11010002761;25022011;43913802;120
C11010002761;25022011;43913803;120
C11010002761;25022011;43913804;137
C11010002761;25022011;42918901;150
C11010002761;25022011;42918902;153
C11010002761;25022011;42918903;159
C11010002761;25022011;42918904;243
C11010002761;25022011;41962801;4
C11010002761;25022011;41962803;4
C11010002761;25022011;41962804;3
C11010002761;25022011;43865717;2
C11010002761;25022011;43865718;1
C11010002761;25022011;43865719;1
C11010002761;25022011;43865720;1
C11010002761;25022011;43866101;1
C11010002761;25022011;43866103;2
C11010002761;25022011;43866104;1
C11010002761;25022011;43854901;1
C11010002761;25022011;41963003;1
C11010002761;25022011;43502001;7
