C11090004880;27102011;42931701;3
C11090004880;27102011;42931602;4
C11090004880;27102011;42869401;1
C11090004880;27102011;42918101;3
C11090004880;27102011;42918102;4
C11090004880;27102011;42918103;6
C11090004880;27102011;42918104;1
C11090004880;27102011;56120801;1
C11090004880;27102011;44035533;1
C11090004880;27102011;44035534;2
C11090004880;27102011;44035535;2
C11090004880;27102011;44035536;1
C11090004880;27102011;43865717;2
C11090004880;27102011;43865720;1
C11090004880;27102011;43324417;1
C11090004880;27102011;43324418;1
C11090004880;27102011;43324419;3
C11090004880;27102011;43324420;1
C11090004880;27102011;43866102;1
C11090004880;27102011;44318601;1
C11090004880;27102011;44318602;1
C11090004880;27102011;44318603;1
C11090004880;27102011;44318604;1
C11090004880;27102011;52117101;6
C11090004880;27102011;43501901;3
C11090004880;27102011;42102801;5
C11090004880;27102011;43913803;1
C11090004880;27102011;43913804;1
C11090004880;27102011;43381717;1
C11090004880;27102011;43381718;1
C11090004880;27102011;43381719;1
C11090004880;27102011;43381720;1
C11090004880;27102011;44318504;1
C11090004880;27102011;42126604;2
C11090004880;27102011;41963001;1
C11090004880;27102011;42918901;2
C11090004880;27102011;42918902;3
C11090004880;27102011;42918903;4
C11090004880;27102011;44036042;2
C11090004880;27102011;44036043;1
C11090004880;27102011;44036044;6
