C11090002240;11112011;43324401;6
C11090002240;11112011;43324402;9
C11090002240;11112011;43324403;13
C11090002240;11112011;43324404;12
C11090002240;11112011;43865717;17
C11090002240;11112011;43865718;17
C11090002240;11112011;43865719;14
C11090002240;11112011;43865720;27
C11090002240;11112011;43866104;5
C11090002240;11112011;43487733;1
C11090002240;11112011;43487734;1
C11090002240;11112011;43487735;1
C11090002240;11112011;43487736;1
C11090002240;11112011;42102801;5
C11090002240;11112011;42102901;10
C11090002240;11112011;43363421;6
C11090002240;11112011;43381701;8
C11090002240;11112011;43381702;8
C11090002240;11112011;43381703;8
C11090002240;11112011;43381704;10
C11090002240;11112011;43381717;8
C11090002240;11112011;43381718;8
C11090002240;11112011;43381719;8
C11090002240;11112011;43381720;10
C11090002240;11112011;43363201;4
C11090002240;11112011;BR10000092;31
