C11060004105;20062011;43460201;2
C11060004105;20062011;43460202;3
C11060004105;20062011;43460203;2
C11060004105;20062011;43460204;2
C11060004105;20062011;43381717;2
C11060004105;20062011;43381718;3
C11060004105;20062011;43381719;3
C11060004105;20062011;43381720;3
C11060004105;20062011;41963402;1
C11060004105;20062011;43363201;2
C11060004105;20062011;43377001;2
C11060004105;20062011;43502001;4
C11060004105;20062011;42102901;2
C11060004105;20062011;41963601;3
C11060004105;20062011;41963602;2
C11060004105;20062011;41963603;3
C11060004105;20062011;43459301;7
C11060004105;20062011;43459302;4
C11060004105;20062011;43459303;4
C11060004105;20062011;43459304;4
C11060004105;20062011;43460201;1
C11060004105;20062011;43460202;1
C11060004105;20062011;43460203;1
C11060004105;20062011;43324418;1
C11060004105;20062011;43865717;2
C11060004105;20062011;43979001;1
C11060004105;20062011;BR10000092;7
