C11040001291;27042011;43866104;38
C11040001291;27042011;43866102;35
C11040001291;27042011;43866103;35
C11040001291;27042011;43866101;27
C11040001291;27042011;44059112;11
C11040001291;27042011;44059109;15
C11040001291;27042011;44059110;21
C11040001291;27042011;44059111;15
C11040001291;27042011;43913801;7
C11040001291;27042011;43913802;5
C11040001291;27042011;43913803;5
C11040001291;27042011;43913804;8
C11040001291;27042011;BR10000092;11
C11040001291;27042011;44036042;136
C11040001291;27042011;44036041;15
C11040001291;27042011;44036043;15
C11040001291;27042011;44036044;21
