C11050005648;02062011;43913802;11
C11050005648;02062011;43913803;11
C11050005648;02062011;43913804;15
C11050005648;02062011;43913801;9
C11050005648;02062011;43866103;35
C11050005648;02062011;43866104;50
C11050005648;02062011;43866102;44
C11050005648;02062011;43866101;34
C11050005648;02062011;42918101;4
C11050005648;02062011;42918102;5
C11050005648;02062011;42918103;5
C11050005648;02062011;42918104;5
C11050005648;02062011;44059112;13
C11050005648;02062011;44059111;11
C11050005648;02062011;44036044;15
C11050005648;02062011;BR10000092;3
C11050005648;02062011;44064013;1
C11050005648;02062011;44064014;1
C11050005648;02062011;44064015;1
C11050005648;02062011;44064016;1
