C11080003449;17082011;43381717;1
C11080003449;17082011;43381718;1
C11080003449;17082011;43381719;1
C11080003449;17082011;43381720;2
C11080003449;17082011;44064016;1
C11080003449;17082011;43865717;5
C11080003449;17082011;43865718;8
C11080003449;17082011;43865719;3
C11080003449;17082011;43865720;4
C11080003449;17082011;43381717;1
C11080003449;17082011;43381719;1
C11080003449;17082011;43459304;1
C11080003449;17082011;43459302;1
C11080003449;17082011;43459303;1
C11080003449;17082011;43459304;1
C11080003449;17082011;BR10000092;14
