C11090006076;13102011;50224901;3
C11090006076;13102011;57100101;2
C11090006076;13102011;43979001;1
C11090006076;13102011;42869401;1
C11090006076;13102011;42918901;2
C11090006076;13102011;42918902;2
C11090006076;13102011;42918903;1
C11090006076;13102011;42918904;1
C11090006076;13102011;41963001;5
C11090006076;13102011;41963002;6
C11090006076;13102011;41963003;7
C11090006076;13102011;41963004;7
C11090006076;13102011;43502001;6
C11090006076;13102011;43979215;1
C11090006076;13102011;42931602;1
C11090006076;13102011;42918101;2
C11090006076;13102011;42918102;2
C11090006076;13102011;42918103;3
C11090006076;13102011;42918104;4
C11090006076;13102011;41962801;2
C11090006076;13102011;41962802;4
C11090006076;13102011;41962803;2
C11090006076;13102011;41962804;3
C11090006076;13102011;56115001;7
