C11070004132;29072011;43324401;7
C11070004132;29072011;43324402;6
C11070004132;29072011;43324403;4
C11070004132;29072011;43324404;12
C11070004132;29072011;43865717;31
C11070004132;29072011;43865718;27
C11070004132;29072011;43865719;27
C11070004132;29072011;43865720;78
C11070004132;29072011;42127404;3
C11070004132;29072011;42102901;22
C11070004132;29072011;43381701;8
C11070004132;29072011;43381702;9
C11070004132;29072011;43381703;8
C11070004132;29072011;43381704;12
C11070004132;29072011;43381720;2
C11070004132;29072011;42126602;1
C11070004132;29072011;42126603;1
C11070004132;29072011;42102801;1
C11070004132;29072011;43487733;1
C11070004132;29072011;43487734;1
C11070004132;29072011;43487735;1
C11070004132;29072011;43487736;2
C11070004132;29072011;BR10000092;20
