C11070007239;08082011;42869401;3
C11070007239;08082011;43501901;4
C11070007239;08082011;42918984;12
C11070007239;08082011;44318601;1
C11070007239;08082011;44318602;2
C11070007239;08082011;43865718;8
C11070007239;08082011;43913801;1
C11070007239;08082011;43913803;1
C11070007239;08082011;43913804;2
C11070007239;08082011;43381718;9
C11070007239;08082011;43866101;1
C11070007239;08082011;43866103;4
C11070007239;08082011;43866102;2
C11070007239;08082011;43866104;2
C11070007239;08082011;43324417;6
C11070007239;08082011;43324418;2
C11070007239;08082011;43324419;4
C11070007239;08082011;43324420;7
C11070007239;08082011;43979215;13
C11070007239;08082011;42102901;12
C11070007239;08082011;43502301;3
C11070007239;08082011;43502001;17
C11070007239;08082011;42918981;2
C11070007239;08082011;42918982;2
C11070007239;08082011;42918983;2
