C11090003646;04102011;43979215;18
C11090003646;04102011;43979206;15
C11090003646;04102011;41963601;13
C11090003646;04102011;41963602;12
C11090003646;04102011;41963603;12
C11090003646;04102011;41963604;11
C11090003646;04102011;44064013;10
C11090003646;04102011;44064014;11
C11090003646;04102011;44064015;11
C11090003646;04102011;44064016;15
C11090003646;04102011;44059109;25
C11090003646;04102011;44059110;21
C11090003646;04102011;44059111;23
C11090003646;04102011;44059112;25
C11090003646;04102011;42918982;11
C11090003646;04102011;42918981;13
C11090003646;04102011;42918983;15
C11090003646;04102011;42918984;15
C11090003646;04102011;52116002;98
C11090003646;04102011;52114502;55
C11090003646;04102011;43459304;18
C11090003646;04102011;43459302;11
C11090003646;04102011;43459303;11
C11090003646;04102011;43459301;13
C11090003646;04102011;43979001;21
C11090003646;04102011;43487736;25
C11090003646;04102011;43487734;20
C11090003646;04102011;41962802;21
C11090003646;04102011;41962803;23
C11090003646;04102011;41962804;25
C11090003646;04102011;41962801;22
C11090003646;04102011;BR10000092;11
