C11080002205;17082011;43979001;5
C11080002205;17082011;52116002;1
C11080002205;17082011;42918101;1
C11080002205;17082011;41963001;1
C11080002205;17082011;41963004;1
C11080002205;17082011;44318601;3
C11080002205;17082011;44318602;3
C11080002205;17082011;44318603;2
C11080002205;17082011;44318604;2
C11080002205;17082011;44064013;1
C11080002205;17082011;44064016;2
C11080002205;17082011;43865717;1
C11080002205;17082011;43865718;1
C11080002205;17082011;43865719;1
C11080002205;17082011;43865720;1
C11080002205;17082011;43913802;1
C11080002205;17082011;43913804;1
C11080002205;17082011;43979201;5
C11080002205;17082011;43979215;15
C11080002205;17082011;43459302;1
C11080002205;17082011;43459304;1
C11080002205;17082011;43324417;1
C11080002205;17082011;43324418;1
C11080002205;17082011;43324419;1
C11080002205;17082011;43324420;1
C11080002205;17082011;44059109;3
C11080002205;17082011;44059110;3
C11080002205;17082011;44059111;3
C11080002205;17082011;44059112;3
C11080002205;17082011;44059216;1
C11080002205;17082011;42918982;1
C11080002205;17082011;42918983;1
C11080002205;17082011;44318502;1
C11080002205;17082011;44318503;1
