C11070003403;29072011;43979215;13
C11070003403;29072011;43865720;5
C11070003403;29072011;41963001;2
C11070003403;29072011;41963004;6
C11070003403;29072011;43979001;2
C11070003403;29072011;44059109;1
C11070003403;29072011;44059110;2
C11070003403;29072011;44059111;3
C11070003403;29072011;44059112;4
C11070003403;29072011;44059213;3
C11070003403;29072011;44059214;3
C11070003403;29072011;44059215;4
C11070003403;29072011;44059216;3
C11070003403;29072011;43502001;5
C11070003403;29072011;43979201;1
C11070003403;29072011;43459303;6
C11070003403;29072011;43459304;6
C11070003403;29072011;44315302;3
C11070003403;29072011;44315303;3
C11070003403;29072011;44315304;5
C11070003403;29072011;44059213;1
C11070003403;29072011;44059214;2
C11070003403;29072011;44059215;2
C11070003403;29072011;44059216;5
