C11090007200;18112011;52116101;8
C11090007200;18112011;43381717;5
C11090007200;18112011;43381718;6
C11090007200;18112011;43381719;4
C11090007200;18112011;43381720;7
C11090007200;18112011;43363421;4
C11090007200;18112011;43363201;3
C11090007200;18112011;44318601;8
C11090007200;18112011;44318602;10
C11090007200;18112011;44318603;6
C11090007200;18112011;44318604;12
C11090007200;18112011;44059213;1
C11090007200;18112011;44059214;1
C11090007200;18112011;44059215;1
C11090007200;18112011;44059216;4
C11090007200;18112011;44059109;1
C11090007200;18112011;44059110;1
C11090007200;18112011;44059111;1
C11090007200;18112011;44059112;1
C11090007200;18112011;43865717;17
C11090007200;18112011;43865718;11
C11090007200;18112011;43865719;11
C11090007200;18112011;43865720;15
C11090007200;18112011;43979215;85
C11090007200;18112011;43501901;32
