C11020002888;20072011;43381717;9
C11020002888;20072011;43381718;7
C11020002888;20072011;43381719;8
C11020002888;20072011;43381720;9
C11020002888;20072011;43324417;14
C11020002888;20072011;43324418;14
C11020002888;20072011;43324419;13
C11020002888;20072011;43324420;14
C11020002888;20072011;43865717;8
C11020002888;20072011;43865718;8
C11020002888;20072011;43865719;9
C11020002888;20072011;43865720;13
C11020002888;20072011;BR10000092;25
C11020002888;20072011;43363201;2
C11020002888;20072011;43363421;2
C11020002888;20072011;43363411;2
