C11090008877;18112011;43866101;1
C11090008877;18112011;43866102;1
C11090008877;18112011;43866103;2
C11090008877;18112011;43866104;1
C11090008877;18112011;43459301;1
C11090008877;18112011;43459302;1
C11090008877;18112011;43459304;1
C11090008877;18112011;43459303;4
C11090008877;18112011;44318603;1
C11090008877;18112011;44318604;1
C11090008877;18112011;43501901;8
C11090008877;18112011;42918981;1
C11090008877;18112011;42918982;1
C11090008877;18112011;42918983;1
C11090008877;18112011;42918984;1
C11090008877;18112011;42918102;2
C11090008877;18112011;42918104;1
C11090008877;18112011;42102901;3
C11090008877;18112011;43502001;1
C11090008877;18112011;52116002;12
