C11030003380;28032011;43913803;30
C11030003380;28032011;43913802;31
C11030003380;28032011;43913801;33
C11030003380;28032011;43913804;35
C11030003380;28032011;44059112;33
C11030003380;28032011;44059111;30
C11030003380;28032011;44059110;35
C11030003380;28032011;44059109;32
C11030003380;28032011;43866104;25
C11030003380;28032011;43866101;25
C11030003380;28032011;43866102;22
C11030003380;28032011;43866103;23
C11030003380;28032011;43913804;3
C11030003380;28032011;43913802;2
C11030003380;28032011;43913803;2
C11030003380;28032011;43913801;1
