C11010003652;28022011;43866101;10
C11010003652;28022011;43866102;2
C11010003652;28022011;43866103;1
C11010003652;28022011;43866104;12
C11010003652;28022011;44036041;2
C11010003652;28022011;44036042;2
C11010003652;28022011;44036043;3
C11010003652;28022011;44036044;14
C11010003652;28022011;43913801;1
C11010003652;28022011;43913802;1
C11010003652;28022011;43913803;1
C11010003652;28022011;43913804;4
C11010003652;28022011;43381720;2
C11010003652;28022011;43854901;3
C11010003652;28022011;44064013;1
C11010003652;28022011;44064014;1
C11010003652;28022011;44064015;1
C11010003652;28022011;44064016;1
C11010003652;28022011;42918901;1
C11010003652;28022011;42918902;1
C11010003652;28022011;42918904;5
