C11080000857;17082011;52116002;210
C11080000857;17082011;44064015;11
C11080000857;17082011;42918901;3
C11080000857;17082011;42918902;3
C11080000857;17082011;42918903;4
C11080000857;17082011;42918904;4
C11080000857;17082011;43460201;6
C11080000857;17082011;43460203;4
C11080000857;17082011;43460204;3
C11080000857;17082011;43913803;2
C11080000857;17082011;43913804;2
C11080000857;17082011;43449028;1
C11080000857;17082011;42918101;3
C11080000857;17082011;42918102;3
C11080000857;17082011;42918103;4
C11080000857;17082011;42918104;3
C11080000857;17082011;42931701;1
C11080000857;17082011;43913801;1
C11080000857;17082011;43913802;1
C11080000857;17082011;41962802;2
C11080000857;17082011;41962801;2
C11080000857;17082011;41962803;2
C11080000857;17082011;41962804;2
C11080000857;17082011;43502001;14
C11080000857;17082011;43979215;60
C11080000857;17082011;43501901;20
C11080000857;17082011;41963001;3
C11080000857;17082011;41963002;5
C11080000857;17082011;41963003;4
C11080000857;17082011;41963004;8
C11080000857;17082011;44059109;4
C11080000857;17082011;44059110;3
C11080000857;17082011;44059111;5
C11080000857;17082011;44059112;6
C11080000857;17082011;43866101;1
C11080000857;17082011;43866102;2
C11080000857;17082011;43866103;2
C11080000857;17082011;43866104;12
C11080000857;17082011;43979001;22
C11080000857;17082011;42102801;17
C11080000857;17082011;43979201;35
