C11080009307;23092011;43381701;55
C11080009307;23092011;43381702;61
C11080009307;23092011;43381703;65
C11080009307;23092011;43381704;75
C11080009307;23092011;42918104;15
C11080009307;23092011;42918102;11
C11080009307;23092011;42918101;11
C11080009307;23092011;42918103;13
C11080009307;23092011;42918981;21
C11080009307;23092011;42918982;25
C11080009307;23092011;42918983;25
C11080009307;23092011;42918984;30
C11080009307;23092011;43324401;90
C11080009307;23092011;43324402;90
C11080009307;23092011;43324403;80
C11080009307;23092011;43324404;101
C11080009307;23092011;BR10000092;36
