C11080008084;16092011;44318601;27
C11080008084;16092011;44318602;27
C11080008084;16092011;44318502;5
C11080008084;16092011;42918981;9
C11080008084;16092011;44318504;7
C11080008084;16092011;44318503;4
C11080008084;16092011;44318501;5
C11080008084;16092011;43459304;3
C11080008084;16092011;42918104;5
C11080008084;16092011;43501901;4
C11080008084;16092011;42918102;6
C11080008084;16092011;42918101;5
C11080008084;16092011;44035533;2
C11080008084;16092011;44035534;2
C11080008084;16092011;44035535;2
C11080008084;16092011;44035536;2
C11080008084;16092011;42918982;11
C11080008084;16092011;42918983;13
C11080008084;16092011;42918984;15
C11080008084;16092011;44036044;4
C11080008084;16092011;44036043;1
C11080008084;16092011;44036042;1
C11080008084;16092011;44036041;1
C11080008084;16092011;43501901;4
C11080008084;16092011;43502001;37
C11080008084;16092011;42918103;5
C11080008084;16092011;44318604;27
C11080008084;16092011;43459303;2
C11080008084;16092011;43459302;4
C11080008084;16092011;44318603;31
