C11080003791;19082011;43501901;1
C11080003791;19082011;43381701;3
C11080003791;19082011;43381702;3
C11080003791;19082011;43381703;3
C11080003791;19082011;43381704;4
C11080003791;19082011;43502301;8
C11080003791;19082011;43363201;2
C11080003791;19082011;44064016;1
C11080003791;19082011;42377801;16
C11080003791;19082011;43381901;15
C11080003791;19082011;43381902;14
C11080003791;19082011;43381903;15
C11080003791;19082011;43381904;10
C11080003791;19082011;43324404;2
C11080003791;19082011;42127401;1
C11080003791;19082011;42127402;1
C11080003791;19082011;42127403;1
C11080003791;19082011;43363421;2
