C11080006979;05092011;43979001;11
C11080006979;05092011;41963004;2
C11080006979;05092011;43979215;9
C11080006979;05092011;41962801;2
C11080006979;05092011;43913801;2
C11080006979;05092011;43913802;3
C11080006979;05092011;43913803;2
C11080006979;05092011;43913804;4
C11080006979;05092011;42918101;2
C11080006979;05092011;42918102;2
C11080006979;05092011;42918103;2
C11080006979;05092011;42918104;2
C11080006979;05092011;43363421;1
C11080006979;05092011;42918904;5
C11080006979;05092011;43459303;3
C11080006979;05092011;44059109;4
C11080006979;05092011;44059110;3
C11080006979;05092011;44059111;2
C11080006979;05092011;44059112;6
