C11080001071;26082011;52117101;16
C11080001071;26082011;42931602;1
C11080001071;26082011;42918981;5
C11080001071;26082011;42918982;6
C11080001071;26082011;42918983;6
C11080001071;26082011;42918984;10
C11080001071;26082011;56120801;3
C11080001071;26082011;42918101;2
C11080001071;26082011;42918102;2
C11080001071;26082011;42918103;2
C11080001071;26082011;42918104;2
C11080001071;26082011;44064013;1
C11080001071;26082011;44064014;1
C11080001071;26082011;44064015;1
C11080001071;26082011;44059109;2
C11080001071;26082011;44059110;2
C11080001071;26082011;44059111;2
C11080001071;26082011;44059112;2
C11080001071;26082011;43459302;1
C11080001071;26082011;42869401;8
C11080001071;26082011;52114502;30
