C11040000805;02062011;42102801;30
C11040000805;02062011;43979001;20
C11040000805;02062011;43913801;25
C11040000805;02062011;43913802;28
C11040000805;02062011;43913803;21
C11040000805;02062011;43913804;21
C11040000805;02062011;44064014;1
C11040000805;02062011;44064013;1
C11040000805;02062011;44064015;1
C11040000805;02062011;44064016;4
C11040000805;02062011;BR10000092;3
C11040000805;02062011;43459303;1
C11040000805;02062011;43459304;1
C11040000805;02062011;43459301;1
C11040000805;02062011;42918102;1
C11040000805;02062011;42918104;2
