C11070001702;20072011;43459301;2
C11070001702;20072011;43459302;3
C11070001702;20072011;43459303;2
C11070001702;20072011;43459304;3
C11070001702;20072011;43381720;1
C11070001702;20072011;43460204;1
C11070001702;20072011;42102801;12
C11070001702;20072011;43529404;1
C11070001702;20072011;43487734;2
C11070001702;20072011;43487736;3
C11070001702;20072011;43979001;1
C11070001702;20072011;43502001;2
C11070001702;20072011;42102901;4
C11070001702;20072011;42126604;1
C11070001702;20072011;BR10000092;8
C11070001702;20072011;43363421;1
