C11090004537;27102011;42931602;2
C11090004537;27102011;43854901;1
C11090004537;27102011;43377001;1
C11090004537;27102011;52116001;1
C11090004537;27102011;44064014;1
C11090004537;27102011;43381719;1
C11090004537;27102011;43449028;1
C11090004537;27102011;42918104;1
C11090004537;27102011;52114502;1
C11090004537;27102011;43381757;1
C11090004537;27102011;43381758;1
C11090004537;27102011;43381759;1
C11090004537;27102011;43381760;1
C11090004537;27102011;44036041;1
C11090004537;27102011;44036042;2
C11090004537;27102011;44036043;1
C11090004537;27102011;44036044;1
C11090004537;27102011;44059112;2
C11090004537;27102011;43979201;1
C11090004537;27102011;44059215;1
C11090004537;27102011;44059216;1
C11090004537;27102011;43487734;1
C11090004537;27102011;43487736;1
C11090004537;27102011;43650301;2
C11090004537;27102011;43979001;1
C11090004537;27102011;43501901;2
C11090004537;27102011;43459404;3
C11090004537;27102011;43865720;1
C11090004537;27102011;43381902;2
C11090004537;27102011;43324417;1
C11090004537;27102011;43324419;10
