C11080004410;18112011;52116002;165
C11080004410;18112011;43502001;41
C11080004410;18112011;43363421;4
C11080004410;18112011;43502301;12
C11080004410;18112011;43979215;115
C11080004410;18112011;44318601;2
C11080004410;18112011;44318602;2
C11080004410;18112011;44318603;2
C11080004410;18112011;44318604;2
C11080004410;18112011;43866101;10
C11080004410;18112011;43866102;10
C11080004410;18112011;43866103;10
C11080004410;18112011;43866104;12
C11080004410;18112011;43979001;10
C11080004410;18112011;43324419;1
C11080004410;18112011;50231970;2
C11080004410;18112011;41963001;2
C11080004410;18112011;41963002;2
C11080004410;18112011;41963003;2
C11080004410;18112011;41963004;2
C11080004410;18112011;56115001;1
C11080004410;18112011;43460201;2
C11080004410;18112011;43460202;2
C11080004410;18112011;43460203;2
C11080004410;18112011;43460204;2
C11080004410;18112011;BR10000092;30