C11030001680;07042011;43381719;33
C11030001680;07042011;43381720;35
C11030001680;07042011;43381717;25
C11030001680;07042011;43381718;27
C11030001680;07042011;41962801;13
C11030001680;07042011;41962803;11
C11030001680;07042011;41962804;15
C11030001680;07042011;52114502;3
C11030001680;07042011;BR10000092;5
C11030001680;07042011;41963001;15
C11030001680;07042011;41963002;15
C11030001680;07042011;41963003;13
C11030001680;07042011;41963004;14
C11030001680;07042011;52116002;15
C11030001680;07042011;42126601;13
