C11080009480;16092011;43913801;6
C11080009480;16092011;43913803;6
C11080009480;16092011;43913802;5
C11080009480;16092011;43913804;4
C11080009480;16092011;44035536;1
C11080009480;16092011;43866103;7
C11080009480;16092011;43866102;1
C11080009480;16092011;43866101;30
C11080009480;16092011;42869401;3
C11080009480;16092011;44036042;2
C11080009480;16092011;42918984;2
C11080009480;16092011;44064015;4
C11080009480;16092011;42918103;6
C11080009480;16092011;44059110;2
C11080009480;16092011;42918104;4
C11080009480;16092011;44059213;1
C11080009480;16092011;44036044;24
