C11040001372;25082011;52116002;36
C11040001372;25082011;43460201;2
C11040001372;25082011;43460202;2
C11040001372;25082011;43460203;2
C11040001372;25082011;43460204;2
C11040001372;25082011;41962804;3
C11040001372;25082011;43913801;1
C11040001372;25082011;43913802;2
C11040001372;25082011;43913803;2
C11040001372;25082011;42102801;3
C11040001372;25082011;43501901;5
C11040001372;25082011;43979215;11
C11040001372;25082011;43979201;6
C11040001372;25082011;42869401;1
C11040001372;25082011;43502001;35
C11040001372;25082011;43459301;6
C11040001372;25082011;43459302;7
C11040001372;25082011;43459303;8
C11040001372;25082011;43459304;10
C11040001372;25082011;43866102;3
C11040001372;25082011;BR10000092;10
