C11070006771;29072011;43449025;5
C11070006771;29072011;43381718;3
C11070006771;29072011;42918984;3
C11070006771;29072011;44469801;2
C11070006771;29072011;42869401;1
C11070006771;29072011;43979101;2
C11070006771;29072011;44469701;1
C11070006771;29072011;44469719;1
C11070006771;29072011;43979201;1
C11070006771;29072011;42102801;4
C11070006771;29072011;43324404;2
C11070006771;29072011;56123401;1
C11070006771;29072011;43324417;1
C11070006771;29072011;43324418;1
C11070006771;29072011;43324420;3
C11070006771;29072011;43487734;1
C11070006771;29072011;43487735;1
C11070006771;29072011;43487736;2
