C11060002668;19082011;43487733;2
C11060002668;19082011;43487734;2
C11060002668;19082011;43487735;2
C11060002668;19082011;43487736;2
C11060002668;19082011;44059110;1
C11060002668;19082011;44059111;1
C11060002668;19082011;43381717;1
C11060002668;19082011;43381718;1
C11060002668;19082011;43381719;1
C11060002668;19082011;43381720;1
C11060002668;19082011;43449028;2
C11060002668;19082011;43865718;1
C11060002668;19082011;43324419;2
C11060002668;19082011;43979001;2
C11060002668;19082011;42102901;6
C11060002668;19082011;43324420;1
C11060002668;19082011;43865717;2
C11060002668;19082011;43865719;1
C11060002668;19082011;43865720;1
C11060002668;19082011;43459301;1
C11060002668;19082011;43459302;1
C11060002668;19082011;43459303;1
C11060002668;19082011;43459304;1
C11060002668;19082011;43502001;2
C11060002668;19082011;44059112;1
