C11070003160;20072011;43502001;30
C11070003160;20072011;43866104;11
C11070003160;20072011;43866102;10
C11070003160;20072011;43866101;13
C11070003160;20072011;43866103;12
C11070003160;20072011;43501901;5
C11070003160;20072011;43979215;5
C11070003160;20072011;42102901;6
C11070003160;20072011;43324418;5
C11070003160;20072011;43324419;8
C11070003160;20072011;43324420;10
C11070003160;20072011;43865719;3
C11070003160;20072011;43865720;5
C11070003160;20072011;43865717;5
C11070003160;20072011;43865718;5
C11070003160;20072011;BR10000092;4
