C11080000504;05092011;43381701;48
C11080000504;05092011;43381702;48
C11080000504;05092011;43381703;48
C11080000504;05092011;43381704;49
C11080000504;05092011;43979215;8
C11080000504;05092011;43363201;14
C11080000504;05092011;43324401;52
C11080000504;05092011;43324402;64
C11080000504;05092011;43324403;84
C11080000504;05092011;43324404;138
C11080000504;05092011;43979001;6
C11080000504;05092011;42869401;9
C11080000504;05092011;43363201;2
C11080000504;05092011;42918981;8
C11080000504;05092011;42918982;8
C11080000504;05092011;42918983;8
C11080000504;05092011;42918984;4
C11080000504;05092011;42931701;1
C11080000504;05092011;42918101;7
C11080000504;05092011;42918102;6
C11080000504;05092011;42918103;8
C11080000504;05092011;42918104;5
C11080000504;05092011;43363421;13
C11080000504;05092011;42931602;2
