C11090007048;04102011;41708210;11
C11090007048;04102011;43487734;15
C11090007048;04102011;43487733;11
C11090007048;04102011;43487735;12
C11090007048;04102011;43487736;10
C11090007048;04102011;43865717;9
C11090007048;04102011;43865718;8
C11090007048;04102011;43865719;5
C11090007048;04102011;43865720;7
C11090007048;04102011;43979215;11
C11090007048;04102011;44064016;15
C11090007048;04102011;44059215;5
C11090007048;04102011;44059216;7
C11090007048;04102011;44059214;8
C11090007048;04102011;44059213;3
