C11070004051;20122011;43502001;37
C11070004051;20122011;52116002;22
C11070004051;20122011;42102901;6
C11070004051;20122011;43979215;8
C11070004051;20122011;43501901;4
C11070004051;20122011;43460201;2
C11070004051;20122011;43460202;2
C11070004051;20122011;43460203;2
C11070004051;20122011;43460204;2
C11070004051;20122011;52117101;4
C11070004051;20122011;42918981;1
C11070004051;20122011;42918982;1
C11070004051;20122011;42918983;1
C11070004051;20122011;42918984;1
C11070004051;20122011;44318501;1
C11070004051;20122011;44318502;1
C11070004051;20122011;44318503;1
C11070004051;20122011;44318504;1
C11070004051;20122011;43979001;6
