C11030005162;12042011;41963001;20
C11030005162;12042011;41963002;21
C11030005162;12042011;41963003;25
C11030005162;12042011;41963004;25
C11030005162;12042011;43501901;15
C11030005162;12042011;42102901;12
C11030005162;12042011;43502001;18
C11030005162;12042011;42918982;21
C11030005162;12042011;42918981;23
C11030005162;12042011;42918983;23
C11030005162;12042011;42918984;18
C11030005162;12042011;52116002;30
C11030005162;12042011;52114502;19
C11030005162;12042011;41962803;30
C11030005162;12042011;41962804;25
C11030005162;12042011;41962802;25
C11030005162;12042011;41962801;25
C11030005162;12042011;42918102;25
C11030005162;12042011;42918101;30
C11030005162;12042011;42918104;31
C11030005162;12042011;42918103;33
C11030005162;12042011;43913803;35
C11030005162;12042011;43913801;35
C11030005162;12042011;43913802;21
C11030005162;12042011;43913804;23
C11030005162;12042011;BR10000092;11
