C11050004161;24052011;43866104;28
C11050004161;24052011;43866102;25
C11050004161;24052011;43866101;25
C11050004161;24052011;43866103;22
C11050004161;24052011;43913803;15
C11050004161;24052011;43913804;11
C11050004161;24052011;43913802;11
C11050004161;24052011;43913801;13
C11050004161;24052011;44059112;11
C11050004161;24052011;44059110;11
C11050004161;24052011;44059111;10
C11050004161;24052011;44059109;9
C11050004161;24052011;43913801;15
C11050004161;24052011;43913802;13
C11050004161;24052011;43913803;12
C11050004161;24052011;43913804;10
C11050004161;24052011;BR10000092;5
C11050004161;24052011;44064016;3
C11050004161;24052011;44064013;3
C11050004161;24052011;44064014;2
C11050004161;24052011;44064015;5
C11050004161;24052011;44036041;11
C11050004161;24052011;44036042;13
C11050004161;24052011;44036043;14
C11050004161;24052011;44036044;21
