C11070000730;29072011;52116002;4
C11070000730;29072011;44318501;1
C11070000730;29072011;44318502;1
C11070000730;29072011;44318503;1
C11070000730;29072011;44318504;1
C11070000730;29072011;44064016;5
C11070000730;29072011;43865717;3
C11070000730;29072011;43865718;3
C11070000730;29072011;43865719;2
C11070000730;29072011;43865720;3
C11070000730;29072011;44059213;1
C11070000730;29072011;44059214;2
C11070000730;29072011;44059215;2
C11070000730;29072011;44059216;6
C11070000730;29072011;44318601;2
C11070000730;29072011;44318602;1
C11070000730;29072011;44318603;1
C11070000730;29072011;44318604;1
