C11090003301;18112011;44469802;2
C11090003301;18112011;43501901;2
C11090003301;18112011;44469719;6
C11090003301;18112011;43459301;3
C11090003301;18112011;43459302;3
C11090003301;18112011;43459303;3
C11090003301;18112011;43459304;6
C11090003301;18112011;43865717;4
C11090003301;18112011;43865718;2
C11090003301;18112011;43865719;4
C11090003301;18112011;43865720;5
C11090003301;18112011;43502301;9
C11090003301;18112011;44494201;1
C11090003301;18112011;43324401;2
C11090003301;18112011;43324403;3
C11090003301;18112011;43324404;3
C11090003301;18112011;43324402;3
C11090003301;18112011;43854901;4
C11090003301;18112011;43363421;3
C11090003301;18112011;43460201;2
C11090003301;18112011;43460202;1
C11090003301;18112011;43460203;1
C11090003301;18112011;52116001;4
C11090003301;18112011;43381717;1
C11090003301;18112011;43381718;1
C11090003301;18112011;43381719;1
