C11090000469;21092011;44059214;15
C11090000469;21092011;44059215;13
C11090000469;21092011;44059213;13
C11090000469;21092011;44059216;16
C11090000469;21092011;52116002;21
C11090000469;21092011;52114502;20
C11090000469;21092011;43460202;13
C11090000469;21092011;43460201;15
C11090000469;21092011;43460203;15
C11090000469;21092011;43460204;16
C11090000469;21092011;43979215;9
C11090000469;21092011;44064016;21
C11090000469;21092011;44064014;22
C11090000469;21092011;44064015;23
C11090000469;21092011;43979001;15
C11090000469;21092011;41962802;5
C11090000469;21092011;41962803;8
C11090000469;21092011;41962804;8
C11090000469;21092011;41962801;9
C11090000469;21092011;BR10000092;5
