C11060003559;10062011;43381720;8
C11060003559;10062011;43381719;5
C11060003559;10062011;43381718;5
C11060003559;10062011;43381717;3
C11060003559;10062011;43913804;5
C11060003559;10062011;43913802;5
C11060003559;10062011;43913801;5
C11060003559;10062011;43913803;5
C11060003559;10062011;43381704;10
C11060003559;10062011;43381702;7
C11060003559;10062011;43381703;7
C11060003559;10062011;43381701;9
C11060003559;10062011;43324418;5
C11060003559;10062011;43324417;5
C11060003559;10062011;43324419;5
C11060003559;10062011;44059111;5
C11060003559;10062011;44059112;5
C11060003559;10062011;44059110;5
C11060003559;10062011;44059109;5