C11080004682;11112011;42918101;1
C11080004682;11112011;42918102;1
C11080004682;11112011;42918103;2
C11080004682;11112011;42918104;1
C11080004682;11112011;43381718;2
C11080004682;11112011;43381720;2
C11080004682;11112011;42127401;2
C11080004682;11112011;42127402;2
C11080004682;11112011;42127403;1
C11080004682;11112011;43913804;3
C11080004682;11112011;43324418;1
C11080004682;11112011;43324419;1
C11080004682;11112011;43459302;1
C11080004682;11112011;43459303;1
C11080004682;11112011;44059216;3
C11080004682;11112011;42918981;4
C11080004682;11112011;42918982;5
C11080004682;11112011;42918983;1
C11080004682;11112011;42918984;5
C11080004682;11112011;43866101;1
C11080004682;11112011;43866102;1
C11080004682;11112011;43866103;1
C11080004682;11112011;43866104;1
C11080004682;11112011;44318601;4
C11080004682;11112011;44318602;3
C11080004682;11112011;44318603;4
C11080004682;11112011;44318604;9
C11080004682;11112011;43979201;10
C11080004682;11112011;52114502;10
C11080004682;11112011;43979215;32
C11080004682;11112011;43979001;10
C11080004682;11112011;43865717;2
C11080004682;11112011;43865718;2
C11080004682;11112011;43865719;1
C11080004682;11112011;43865720;1
C11080004682;11112011;43449028;2
C11080004682;11112011;43979101;4
C11080004682;11112011;43502001;6
C11080004682;11112011;43501901;1
C11080004682;11112011;41963002;1
C11080004682;11112011;41963004;1
C11080004682;11112011;42869401;1
C11080004682;11112011;52116002;11
