C11020004074;12042011;52114502;3
C11020004074;12042011;52116002;35
C11020004074;12042011;42918981;21
C11020004074;12042011;42918982;25
C11020004074;12042011;42918983;25
C11020004074;12042011;42918984;20
C11020004074;12042011;43501901;20
C11020004074;12042011;41962803;11
C11020004074;12042011;41962804;13
C11020004074;12042011;41962802;13
C11020004074;12042011;41962801;12
C11020004074;12042011;42918101;5
C11020004074;12042011;42918102;5
C11020004074;12042011;42918103;3
C11020004074;12042011;42918104;2
