C11020003850;12042011;43866102;12
C11020003850;12042011;43866103;15
C11020003850;12042011;43866104;13
C11020003850;12042011;43866101;18
C11020003850;12042011;42918103;5
C11020003850;12042011;42918104;5
C11020003850;12042011;42918102;3
C11020003850;12042011;42918101;4
C11020003850;12042011;42918903;3
C11020003850;12042011;42918904;3
C11020003850;12042011;42918902;5
C11020003850;12042011;42918901;1
C11020003850;12042011;44064015;5
C11020003850;12042011;44064016;5
C11020003850;12042011;44064013;5
C11020003850;12042011;43913802;5
C11020003850;12042011;43913804;8
C11020003850;12042011;43913801;7
C11020003850;12042011;43913803;3
