C11060004369;01072011;43913801;11
C11060004369;01072011;43913802;8
C11060004369;01072011;43913803;6
C11060004369;01072011;43913804;14
C11060004369;01072011;43866101;11
C11060004369;01072011;43866102;8
C11060004369;01072011;43866104;10
C11060004369;01072011;43460201;12
C11060004369;01072011;43460202;1
C11060004369;01072011;43979001;1
C11060004369;01072011;44318601;7
C11060004369;01072011;44318602;3
C11060004369;01072011;44318603;8
C11060004369;01072011;44318604;6
C11060004369;01072011;43865717;4
C11060004369;01072011;43324418;2
C11060004369;01072011;43324419;3
C11060004369;01072011;43324420;1
C11060004369;01072011;43363421;1
C11060004369;01072011;43979215;1
C11060004369;01072011;42918104;1
C11060004369;01072011;42918903;1
C11060004369;01072011;52114502;1
C11060004369;01072011;43854901;1
C11060004369;01072011;44059213;2
C11060004369;01072011;44059214;2
C11060004369;01072011;44059215;1
C11060004369;01072011;43865718;2
C11060004369;01072011;43865719;1
C11060004369;01072011;43865720;3
C11060004369;01072011;42918981;1
C11060004369;01072011;42918982;2
C11060004369;01072011;42918984;1
C11060004369;01072011;44059112;1
C11060004369;01072011;41963601;1
C11060004369;01072011;41963602;2
C11060004369;01072011;41963603;1
C11060004369;01072011;44064015;1
C11060004369;01072011;42918101;2
C11060004369;01072011;42918104;2
C11060004369;01072011;43377001;1
C11060004369;01072011;43854901;1
C11060004369;01072011;43381719;1
C11060004369;01072011;43460203;1
C11060004369;01072011;43979001;1
C11060004369;01072011;52116002;1
C11060004369;01072011;43501901;3
C11060004369;01072011;52116002;2
