C11070000498;19072011;43502001;100
C11070000498;19072011;44064013;1
C11070000498;19072011;44064014;1
C11070000498;19072011;44064015;1
C11070000498;19072011;44064016;1
C11070000498;19072011;43487733;1
C11070000498;19072011;43487735;1
C11070000498;19072011;44059109;1
C11070000498;19072011;44059111;1
C11070000498;19072011;44059112;5
C11070000498;19072011;42918902;8
C11070000498;19072011;42918903;5
C11070000498;19072011;42918904;4
C11070000498;19072011;43487733;1
C11070000498;19072011;43487735;1
C11070000498;19072011;42918101;4
C11070000498;19072011;42918102;5
C11070000498;19072011;42918103;4
C11070000498;19072011;42918104;5
C11070000498;19072011;43460201;2
C11070000498;19072011;43460202;1
C11070000498;19072011;43460203;3
C11070000498;19072011;43460204;6
C11070000498;19072011;43979201;68
C11070000498;19072011;42102901;22
C11070000498;19072011;41514705;1
C11070000498;19072011;41514707;1
C11070000498;19072011;52116002;8
C11070000498;19072011;41962803;5
C11070000498;19072011;41962802;2
C11070000498;19072011;41962801;1
C11070000498;19072011;41962804;1
C11070000498;19072011;43501901;3
C11070000498;19072011;41963001;2
C11070000498;19072011;52116002;3
C11070000498;19072011;52114502;1
C11070000498;19072011;41963404;1
C11070000498;19072011;43502001;70
C11070000498;19072011;43979201;42
C11070000498;19072011;43979215;33
C11070000498;19072011;44064015;2
C11070000498;19072011;44064016;1
C11070000498;19072011;43460201;2
C11070000498;19072011;43460202;4
C11070000498;19072011;43979001;8
C11070000498;19072011;43501901;5
C11070000498;19072011;41963001;1
C11070000498;19072011;41963002;2
C11070000498;19072011;41963004;3