C11050000689;20062011;41963001;15
C11050000689;20062011;41963002;10
C11050000689;20062011;41963003;11
C11050000689;20062011;41963004;15
C11050000689;20062011;41962801;13
C11050000689;20062011;41962802;15
C11050000689;20062011;41962803;15
C11050000689;20062011;41962804;18
C11050000689;20062011;43979215;31
C11050000689;20062011;43502001;15
C11050000689;20062011;43381717;6
C11050000689;20062011;43381718;7
C11050000689;20062011;43381719;9
C11050000689;20062011;43381720;11
C11050000689;20062011;BR10000092;5
C11050000689;20062011;42918904;5
C11050000689;20062011;42918902;5
C11050000689;20062011;42918903;5
