C11080007436;27102011;52116002;1
C11080007436;27102011;42918101;2
C11080007436;27102011;42918102;1
C11080007436;27102011;42918103;1
C11080007436;27102011;42918104;3
C11080007436;27102011;52114502;3
C11080007436;27102011;44064016;2
C11080007436;27102011;43459304;4
C11080007436;27102011;43449028;1
C11080007436;27102011;43381717;1
C11080007436;27102011;43381718;1
C11080007436;27102011;43381719;1
C11080007436;27102011;43381720;1
C11080007436;27102011;43913801;5
C11080007436;27102011;43913802;5
C11080007436;27102011;43913803;6
C11080007436;27102011;43913804;5
C11080007436;27102011;43979001;7
C11080007436;27102011;41963001;2
C11080007436;27102011;41963002;1
C11080007436;27102011;41963003;2
C11080007436;27102011;41963004;1
C11080007436;27102011;44318601;6
C11080007436;27102011;44318602;6
C11080007436;27102011;44318603;7
C11080007436;27102011;44318604;6
C11080007436;27102011;42918984;1
C11080007436;27102011;42869401;3
C11080007436;27102011;44250710;5
C11080007436;27102011;43487735;1
C11080007436;27102011;44059215;1
C11080007436;27102011;44036044;4
C11080007436;27102011;43979215;19
C11080007436;27102011;43502001;5
