C11030000870;14032011;52116002;5
C11030000870;14032011;43381720;3
C11030000870;14032011;43381718;2
C11030000870;14032011;43381717;2
C11030000870;14032011;43381719;1
C11030000870;14032011;41962804;3
C11030000870;14032011;41962802;2
C11030000870;14032011;42127402;2
C11030000870;14032011;42127404;2
C11030000870;14032011;44059110;5
C11030000870;14032011;44059109;3
C11030000870;14032011;44059111;2
C11030000870;14032011;44059112;2
C11030000870;14032011;43979215;5
C11030000870;14032011;44318602;3
C11030000870;14032011;44318603;3
C11030000870;14032011;44318601;1
C11030000870;14032011;44318604;3
