C11060002587;20062011;43979001;7
C11060002587;20062011;42126601;5
C11060002587;20062011;42126602;5
C11060002587;20062011;42126603;4
C11060002587;20062011;42126604;6
C11060002587;20062011;BR10000092;4
C11060002587;20062011;41962801;3
C11060002587;20062011;41962802;3
C11060002587;20062011;41962803;4
C11060002587;20062011;41962804;6
C11060002587;20062011;43460201;5
C11060002587;20062011;43460202;3
C11060002587;20062011;43460203;4
C11060002587;20062011;43460204;5
C11060002587;20062011;42918901;3
C11060002587;20062011;42918903;3
C11060002587;20062011;44036044;5
