C11120002480;29022012;44064013;1
C11120002480;29022012;44064014;1
C11120002480;29022012;44064015;1
C11120002480;29022012;44064016;1
C11120002480;29022012;43865717;3
C11120002480;29022012;43865718;2
C11120002480;29022012;43865719;1
C11120002480;29022012;43865720;1
C11120002480;29022012;43979001;29
C11120002480;29022012;44059109;6
C11120002480;29022012;44059110;4
C11120002480;29022012;44059111;5
C11120002480;29022012;44059112;11
C11120002480;29022012;42918981;1
C11120002480;29022012;41963001;6
C11120002480;29022012;41963002;5
C11120002480;29022012;41963003;4
C11120002480;29022012;41963004;5
C11120002480;29022012;52116002;29
C11120002480;29022012;44318601;2
C11120002480;29022012;44318602;1
C11120002480;29022012;44318603;1
C11120002480;29022012;44318604;4
C11120002480;29022012;43979201;25
C11120002480;29022012;44059213;3
C11120002480;29022012;44059214;2
C11120002480;29022012;44059215;2
C11120002480;29022012;44059216;2
C11120002480;29022012;43979215;45
C11120002480;29022012;43501901;15
C11120002480;29022012;44318501;6
C11120002480;29022012;44318502;5
C11120002480;29022012;44318503;6
C11120002480;29022012;44318504;8
C11120002480;29022012;43381717;5
C11120002480;29022012;43381718;6
C11120002480;29022012;43381719;4
C11120002480;29022012;43381720;8
C11120002480;29022012;41962801;2
C11120002480;29022012;41962802;2
C11120002480;29022012;41962803;2
C11120002480;29022012;41962804;2
C11120002480;29022012;42918101;2
C11120002480;29022012;42918102;2
C11120002480;29022012;42918103;1
C11120002480;29022012;42918104;2
C11120002480;29022012;43363201;6
C11120002480;29022012;41945521;2
C11120002480;29022012;43363421;5
C11120002480;29022012;43865719;17
C11120002480;29022012;43502001;28
C11120002480;29022012;BR10000092;102
C11120002480;29022012;BR10000092;45
