C11100006154;11112011;43866104;2
C11100006154;11112011;41963004;1
C11100006154;11112011;43979001;10
C11100006154;11112011;43979215;20
C11100006154;11112011;44059213;2
C11100006154;11112011;44059214;3
C11100006154;11112011;44059215;2
C11100006154;11112011;44059216;3
C11100006154;11112011;43460204;1
C11100006154;11112011;43459401;1
C11100006154;11112011;43459402;1
C11100006154;11112011;43459403;1
C11100006154;11112011;43459404;1
C11100006154;11112011;43979201;5
C11100006154;11112011;BR10000092;2
C11100006154;11112011;43502001;6
C11100006154;11112011;42918103;2
C11100006154;11112011;42918104;1
C11100006154;11112011;44318502;1
C11100006154;11112011;44064013;1
C11100006154;11112011;44064014;1
C11100006154;11112011;44064015;2
C11100006154;11112011;44064016;2
