C11100001357;27102011;43381720;1
C11100001357;27102011;42918101;2
C11100001357;27102011;42918102;2
C11100001357;27102011;42918103;3
C11100001357;27102011;42918104;3
C11100001357;27102011;42918981;3
C11100001357;27102011;42918982;3
C11100001357;27102011;42918983;3
C11100001357;27102011;42918984;3
C11100001357;27102011;43865717;2
C11100001357;27102011;43865718;2
C11100001357;27102011;43865719;3
C11100001357;27102011;43865720;5
C11100001357;27102011;43866101;4
C11100001357;27102011;43866102;2
C11100001357;27102011;43866103;5
C11100001357;27102011;43866104;2
C11100001357;27102011;44318601;2
C11100001357;27102011;44318602;3
C11100001357;27102011;44318603;6
C11100001357;27102011;44318604;2
C11100001357;27102011;43913801;4
C11100001357;27102011;43913802;3
C11100001357;27102011;43913803;5
C11100001357;27102011;43913804;2
C11100001357;27102011;42127401;1
C11100001357;27102011;43502001;7
C11100001357;27102011;43979215;14
C11100001357;27102011;42102901;1
C11100001357;27102011;43459304;1
C11100001357;27102011;52102001;2
C11100001357;27102011;BR10000092;1
