C11100003058;11112011;52117101;2
C11100003058;11112011;56120801;1
C11100003058;11112011;43854901;1
C11100003058;11112011;42625501;1
C11100003058;11112011;42869401;1
C11100003058;11112011;41963603;3
C11100003058;11112011;41963604;1
C11100003058;11112011;43449708;1
C11100003058;11112011;43363421;1
C11100003058;11112011;42931701;1
C11100003058;11112011;43979215;22
C11100003058;11112011;44318601;4
C11100003058;11112011;44318602;1
C11100003058;11112011;44318603;1
C11100003058;11112011;44318604;1
C11100003058;11112011;42127404;2
C11100003058;11112011;41963004;1
C11100003058;11112011;42918901;1
C11100003058;11112011;42918902;2
C11100003058;11112011;42918903;2
C11100003058;11112011;42918904;2
C11100003058;11112011;42918982;1
C11100003058;11112011;42918983;3
C11100003058;11112011;42918984;4
C11100003058;11112011;43459302;1
C11100003058;11112011;43459303;1
C11100003058;11112011;43459304;2
C11100003058;11112011;43324417;1
C11100003058;11112011;43324418;2
C11100003058;11112011;43324419;2
C11100003058;11112011;43324420;1
C11100003058;11112011;44059109;4
C11100003058;11112011;44059110;2
C11100003058;11112011;44059111;3
C11100003058;11112011;44059112;2
C11100003058;11112011;43979001;21
C11100003058;11112011;43866102;1
C11100003058;11112011;43866103;1
C11100003058;11112011;44064013;1
C11100003058;11112011;44064014;1
C11100003058;11112011;44064015;1
C11100003058;11112011;44064016;1
C11100003058;11112011;52116002;2
C11100003058;11112011;43381720;2
C11100003058;11112011;43913801;2
C11100003058;11112011;43913802;2
C11100003058;11112011;43913803;2
C11100003058;11112011;43913804;2
C11100003058;11112011;42918102;1
C11100003058;11112011;42918104;2
C11100003058;11112011;42126604;1
C11100003058;11112011;41962803;1
C11100003058;11112011;41963401;1
C11100003058;11112011;41963402;8
