C11100001519;11112011;42869401;8
C11100001519;11112011;44035533;1
C11100001519;11112011;44035534;1
C11100001519;11112011;44035535;2
C11100001519;11112011;44035536;1
C11100001519;11112011;42931602;2
C11100001519;11112011;42918101;1
C11100001519;11112011;42918104;1
C11100001519;11112011;44036041;1
C11100001519;11112011;44036042;1
C11100001519;11112011;44036043;1
C11100001519;11112011;44036044;22
C11100001519;11112011;44318501;1
C11100001519;11112011;44318502;1
C11100001519;11112011;44318503;1
C11100001519;11112011;44318504;1
C11100001519;11112011;43913801;5
C11100001519;11112011;43913802;3
C11100001519;11112011;43913803;7
C11100001519;11112011;43913804;7
C11100001519;11112011;44064013;1
C11100001519;11112011;44064014;2
C11100001519;11112011;44064015;1
C11100001519;11112011;44064016;2
C11100001519;11112011;44318604;3
C11100001519;11112011;43529404;3
C11100001519;11112011;43363201;1
C11100001519;11112011;43854901;4
C11100001519;11112011;43913801;1
C11100001519;11112011;43913802;2
C11100001519;11112011;42918901;8
C11100001519;11112011;42918902;4
C11100001519;11112011;42918903;3
C11100001519;11112011;42918904;10
C11100001519;11112011;43979215;1
C11100001519;11112011;43979001;1
C11100001519;11112011;44059109;2
C11100001519;11112011;44059110;2
C11100001519;11112011;44059111;2
C11100001519;11112011;44059112;2
C11100001519;11112011;43866101;7
C11100001519;11112011;43866102;9
C11100001519;11112011;43866103;9
C11100001519;11112011;43866104;38
C11100001519;11112011;44318601;1
C11100001519;11112011;44318602;1
C11100001519;11112011;44318603;1