C11120004858;06012012;52116002;9
C11120004858;06012012;43501901;16
C11120004858;06012012;43459301;5
C11120004858;06012012;43459302;5
C11120004858;06012012;43459303;5
C11120004858;06012012;43459304;7
C11120004858;06012012;43979215;15
C11120004858;06012012;43979001;8
C11120004858;06012012;43866101;1
C11120004858;06012012;43866102;1
C11120004858;06012012;43866103;1
C11120004858;06012012;43866104;1
C11120004858;06012012;42918101;1
C11120004858;06012012;42918102;1
C11120004858;06012012;42918103;1
C11120004858;06012012;42918104;2
