C11100000709;14102011;42918981;2
C11100000709;14102011;42918982;2
C11100000709;14102011;42918983;2
C11100000709;14102011;42918984;2
C11100000709;14102011;43324417;5
C11100000709;14102011;43324418;8
C11100000709;14102011;43324419;5
C11100000709;14102011;43324420;8
C11100000709;14102011;43979215;35
C11100000709;14102011;43913802;1
C11100000709;14102011;43913803;1
C11100000709;14102011;43381720;2
C11100000709;14102011;43459401;5
C11100000709;14102011;43459402;4
C11100000709;14102011;43459403;3
C11100000709;14102011;43459404;2
C11100000709;14102011;43502001;80
C11100000709;14102011;42102901;6
C11100000709;14102011;43979201;3
