C11100006588;11112011;44064013;1
C11100006588;11112011;44064014;1
C11100006588;11112011;44064015;1
C11100006588;11112011;44064016;1
C11100006588;11112011;41962803;2
C11100006588;11112011;43363201;1
C11100006588;11112011;44318502;1
C11100006588;11112011;43460201;2
C11100006588;11112011;43460202;2
C11100006588;11112011;43460203;2
C11100006588;11112011;43381717;2
C11100006588;11112011;43381718;2
C11100006588;11112011;43381719;2
C11100006588;11112011;43381720;2
C11100006588;11112011;43979215;11
C11100006588;11112011;43324417;6
C11100006588;11112011;43324418;5
C11100006588;11112011;43865720;10
C11100006588;11112011;44318602;6
