C11120002138;06012012;42931602;3
C11120002138;06012012;42918981;5
C11120002138;06012012;42918982;1
C11120002138;06012012;42918983;7
C11120002138;06012012;42918984;7
C11120002138;06012012;42869401;7
C11120002138;06012012;50231970;1
C11120002138;06012012;43363201;9
C11120002138;06012012;43363421;14
C11120002138;06012012;42918101;3
C11120002138;06012012;42918102;5
C11120002138;06012012;42918103;4
C11120002138;06012012;42918104;9
C11120002138;06012012;43324401;53
C11120002138;06012012;43324402;43
C11120002138;06012012;43324403;37
C11120002138;06012012;43324404;66
C11120002138;06012012;42625501;2
C11120002138;06012012;42931701;1
C11120002138;06012012;43381701;17
C11120002138;06012012;43381702;19
C11120002138;06012012;43381703;20
C11120002138;06012012;43381704;36
