C11120004939;06012012;42931701;1
C11120004939;06012012;43377001;1
C11120004939;06012012;42869401;5
C11120004939;06012012;56120401;1
C11120004939;06012012;44035533;2
C11120004939;06012012;44035534;1
C11120004939;06012012;44035535;1
C11120004939;06012012;44035536;2
C11120004939;06012012;43979001;1
C11120004939;06012012;43650301;1
C11120004939;06012012;42931602;2
C11120004939;06012012;43913801;1
C11120004939;06012012;43913802;1
C11120004939;06012012;43913803;1
C11120004939;06012012;43913804;2
C11120004939;06012012;44036041;2
C11120004939;06012012;44036042;2
C11120004939;06012012;44036043;1
C11120004939;06012012;44036044;37
C11120004939;06012012;43866101;2
C11120004939;06012012;43866102;1
C11120004939;06012012;43866103;4
C11120004939;06012012;43866104;32
