C11100005930;11112011;43913801;5
C11100005930;11112011;43913802;5
C11100005930;11112011;43913803;5
C11100005930;11112011;43913804;8
C11100005930;11112011;42869401;5
C11100005930;11112011;42918984;4
C11100005930;11112011;44035533;3
C11100005930;11112011;44035534;3
C11100005930;11112011;44035535;3
C11100005930;11112011;44035536;5
C11100005930;11112011;44318601;1
C11100005930;11112011;44318602;1
C11100005930;11112011;44318603;1
C11100005930;11112011;44318604;1
C11100005930;11112011;43866101;10
C11100005930;11112011;43866102;15
C11100005930;11112011;43866103;11
C11100005930;11112011;43866104;44
C11100005930;11112011;44059111;1
C11100005930;11112011;44059112;10
C11100005930;11112011;44059216;4
C11100005930;11112011;43979001;1
C11100005930;11112011;44064013;2
C11100005930;11112011;44064014;2
C11100005930;11112011;44064015;2
C11100005930;11112011;44064016;2
C11100005930;11112011;44036041;2
C11100005930;11112011;44036042;1
C11100005930;11112011;44036043;1
C11100005930;11112011;44036044;28
