C11110000400;16112011;43449708;2
C11110000400;16112011;44064013;7
C11110000400;16112011;44064014;6
C11110000400;16112011;44064015;5
C11110000400;16112011;44064016;8
C11110000400;16112011;50231970;2
C11110000400;16112011;52116002;11
C11110000400;16112011;43501901;9
C11110000400;16112011;43979215;22
C11110000400;16112011;43502001;6
C11110000400;16112011;44469801;4
C11110000400;16112011;44059213;3
C11110000400;16112011;44059214;3
C11110000400;16112011;44059215;4
C11110000400;16112011;44059216;6
C11110000400;16112011;43459301;1
C11110000400;16112011;43459302;1
C11110000400;16112011;43459303;1
C11110000400;16112011;43459304;2
C11110000400;16112011;44469702;1
C11110000400;16112011;BR10000092;4
