C11120005072;06012012;43979201;2
C11120005072;06012012;42918901;2
C11120005072;06012012;42918902;2
C11120005072;06012012;42918903;3
C11120005072;06012012;42918904;2
C11120005072;06012012;44318601;1
C11120005072;06012012;44318602;1
C11120005072;06012012;44318603;1
C11120005072;06012012;44318604;1
C11120005072;06012012;52116002;1
C11120005072;06012012;43913801;1
C11120005072;06012012;43913802;1
C11120005072;06012012;43913803;2
C11120005072;06012012;43913804;1
C11120005072;06012012;43324417;1
C11120005072;06012012;43324418;1
C11120005072;06012012;43324419;3
C11120005072;06012012;43324420;3
C11120005072;06012012;43979215;12
C11120005072;06012012;43363201;1
C11120005072;06012012;43979001;6
