C11110001120;16112011;42625501;1
C11110001120;16112011;42931701;1
C11110001120;16112011;42918101;2
C11110001120;16112011;42918102;3
C11110001120;16112011;42918103;2
C11110001120;16112011;42918104;3
C11110001120;16112011;43381717;1
C11110001120;16112011;43381718;1
C11110001120;16112011;43381719;1
C11110001120;16112011;43381720;1
C11110001120;16112011;43363201;2
C11110001120;16112011;42869401;4
C11110001120;16112011;44059109;2
C11110001120;16112011;44059110;2
C11110001120;16112011;44059111;3
C11110001120;16112011;44059112;4
C11110001120;16112011;52116002;7
C11110001120;16112011;43979215;15
C11110001120;16112011;43324417;1
C11110001120;16112011;43324418;1
C11110001120;16112011;43324419;1
C11110001120;16112011;43324420;5
C11110001120;16112011;43866101;1
C11110001120;16112011;43866103;1
C11110001120;16112011;44318602;2
C11110001120;16112011;44318604;2
C11110001120;16112011;41963001;1
C11110001120;16112011;41963002;1
C11110001120;16112011;41963004;2
C11110001120;16112011;43979001;8
C11110001120;16112011;43502001;3
C11110001120;16112011;44064014;1
C11110001120;16112011;43501901;1
C11110001120;16112011;42931602;1
C11110001120;16112011;43459301;1
C11110001120;16112011;43459302;1
C11110001120;16112011;43459304;1
C11110001120;16112011;43459401;1
C11110001120;16112011;43459404;1
C11110001120;16112011;44035536;1
C11110001120;16112011;43363421;2
C11110001120;16112011;BR10000092;1
