C11110004227;22122011;52116101;5
C11110004227;22122011;43979001;16
C11110004227;22122011;44059109;3
C11110004227;22122011;44059110;3
C11110004227;22122011;44059111;4
C11110004227;22122011;44059112;3
C11110004227;22122011;43381701;34
C11110004227;22122011;43381702;29
C11110004227;22122011;43381703;30
C11110004227;22122011;43381704;44
C11110004227;22122011;43979215;12
C11110004227;22122011;44059213;3
C11110004227;22122011;44059214;2
C11110004227;22122011;44059215;1
C11110004227;22122011;44059216;4
C11110004227;22122011;43324401;112
C11110004227;22122011;43324402;104
C11110004227;22122011;43324403;134
C11110004227;22122011;43324404;144
C11110004227;22122011;44064013;2
C11110004227;22122011;44064014;2
C11110004227;22122011;44064015;1
C11110004227;22122011;44064016;2
C11110004227;22122011;43363421;20
C11110004227;22122011;42918981;5
C11110004227;22122011;42918982;6
C11110004227;22122011;42918983;4
C11110004227;22122011;42918984;3
C11110004227;22122011;43363201;7
C11110004227;22122011;42918101;3
C11110004227;22122011;42918102;4
C11110004227;22122011;42918103;3
C11110004227;22122011;42918104;3
C11110004227;22122011;42869401;2
