C11120003452;06012012;42918981;15
C11120003452;06012012;42918982;12
C11120003452;06012012;42918983;11
C11120003452;06012012;42918984;22
C11120003452;06012012;44059213;16
C11120003452;06012012;44059214;14
C11120003452;06012012;44059215;11
C11120003452;06012012;44059216;18
C11120003452;06012012;43913801;20
C11120003452;06012012;43913802;24
C11120003452;06012012;43913803;20
C11120003452;06012012;43913804;33
C11120003452;06012012;42931602;3
C11120003452;06012012;44064013;11
C11120003452;06012012;44064014;9
C11120003452;06012012;44064015;8
C11120003452;06012012;44064016;17
C11120003452;06012012;44318601;12
C11120003452;06012012;44318602;9
C11120003452;06012012;44318603;8
C11120003452;06012012;44318604;15
C11120003452;06012012;44035533;2
C11120003452;06012012;44035534;3
C11120003452;06012012;44035535;3
C11120003452;06012012;44035536;2
C11120003452;06012012;44036041;16
C11120003452;06012012;44036042;18
C11120003452;06012012;44036043;19
C11120003452;06012012;44036044;113
C11120003452;06012012;43866101;24
C11120003452;06012012;43866102;23
C11120003452;06012012;43866103;28
C11120003452;06012012;43866104;82
C11120003452;06012012;42869401;9
C11120003452;06012012;43979001;11
C11120003452;06012012;43979215;22
