C11120004777;06012012;44064013;2
C11120004777;06012012;44064014;2
C11120004777;06012012;44064015;1
C11120004777;06012012;44064016;3
C11120004777;06012012;44059109;5
C11120004777;06012012;44059110;3
C11120004777;06012012;44059111;3
C11120004777;06012012;44059112;4
C11120004777;06012012;42918101;1
C11120004777;06012012;42918102;1
C11120004777;06012012;42918103;1
C11120004777;06012012;42918104;1
C11120004777;06012012;44059213;1
C11120004777;06012012;44059214;1
C11120004777;06012012;44059215;1
C11120004777;06012012;44059216;1
C11120004777;06012012;43979215;24
C11120004777;06012012;42127403;2
C11120004777;06012012;42127404;1
C11120004777;06012012;43979001;15
C11120004777;06012012;43363201;2
C11120004777;06012012;42931602;1
C11120004777;06012012;41962803;1
C11120004777;06012012;41962804;2
C11120004777;06012012;43979201;3
C11120004777;06012012;43459401;1
C11120004777;06012012;43459402;1
C11120004777;06012012;43459403;1
C11120004777;06012012;43459404;2
C11120004777;06012012;43865717;1
C11120004777;06012012;43865718;1
C11120004777;06012012;43865719;1
C11120004777;06012012;43865720;4
C11120004777;06012012;44318601;1
C11120004777;06012012;44318602;1
C11120004777;06012012;44318603;1
C11120004777;06012012;44318604;2
C11120004777;06012012;41963003;2
C11120004777;06012012;41963004;3
C11120004777;06012012;43460204;1
