C11120000607;06012012;43459303;4
C11120000607;06012012;43459304;8
C11120000607;06012012;43979215;26
C11120000607;06012012;BR10000092;5
C11120000607;06012012;42869401;4
C11120000607;06012012;44035533;3
C11120000607;06012012;44035534;3
C11120000607;06012012;44035535;4
C11120000607;06012012;44035536;6
C11120000607;06012012;41963001;1
C11120000607;06012012;41963002;1
C11120000607;06012012;41963003;2
C11120000607;06012012;41963004;1
C11120000607;06012012;41962804;1
C11120000607;06012012;43913801;1
C11120000607;06012012;43913802;1
C11120000607;06012012;43913803;2
C11120000607;06012012;43913804;4
C11120000607;06012012;43381717;1
C11120000607;06012012;43460204;1
C11120000607;06012012;42918101;1
C11120000607;06012012;42918104;2
C11120000607;06012012;42918901;4
C11120000607;06012012;42918902;4
C11120000607;06012012;42918903;6
C11120000607;06012012;50231970;3
C11120000607;06012012;44036041;1
C11120000607;06012012;44036042;3
C11120000607;06012012;44036043;2
C11120000607;06012012;44036044;17
C11120000607;06012012;42102801;2
C11120000607;06012012;43501901;7
C11120000607;06012012;43979001;6
C11120000607;06012012;43324417;1
C11120000607;06012012;43324418;2
C11120000607;06012012;43324419;2
C11120000607;06012012;43324420;3
C11120000607;06012012;43865719;3
C11120000607;06012012;43979201;3
C11120000607;06012012;43866101;5
C11120000607;06012012;43866102;3
C11120000607;06012012;43866103;3
C11120000607;06012012;43866104;10
C11120000607;06012012;42102901;4
C11120000607;06012012;42127402;1
C11120000607;06012012;43854901;1
C11120000607;06012012;43459301;1
C11120000607;06012012;43459302;2
