C11110005207;15022012;42869401;1
C11110005207;15022012;42918901;4
C11110005207;15022012;42918902;3
C11110005207;15022012;42918903;3
C11110005207;15022012;42918904;4
C11110005207;15022012;44036041;2
C11110005207;15022012;44036042;2
C11110005207;15022012;44036043;12
C11110005207;15022012;44036044;1
C11110005207;15022012;42918981;1
C11110005207;15022012;42918982;1
C11110005207;15022012;42918983;23
C11110005207;15022012;42918984;4
C11110005207;15022012;52116002;2
C11110005207;15022012;56120401;1
C11110005207;15022012;42918101;1
C11110005207;15022012;42918102;3
C11110005207;15022012;42918103;4
C11110005207;15022012;42918104;1
C11110005207;15022012;43866101;2
C11110005207;15022012;43866102;2
C11110005207;15022012;43866103;2
C11110005207;15022012;43866104;1
