C11110000744;16112011;44036041;3
C11110000744;16112011;44036042;3
C11110000744;16112011;44036043;3
C11110000744;16112011;44036044;49
C11110000744;16112011;42869401;6
C11110000744;16112011;42918101;4
C11110000744;16112011;42918102;3
C11110000744;16112011;42918103;4
C11110000744;16112011;42918104;9
C11110000744;16112011;43913801;4
C11110000744;16112011;43913802;7
C11110000744;16112011;43913803;7
C11110000744;16112011;43913804;8
C11110000744;16112011;43866101;12
C11110000744;16112011;43866102;11
C11110000744;16112011;43866103;14
C11110000744;16112011;43866104;65
C11110000744;16112011;42918981;6
C11110000744;16112011;42918982;3
C11110000744;16112011;42918983;2
C11110000744;16112011;42918984;9
C11110000744;16112011;44059213;1
C11110000744;16112011;44059214;1
C11110000744;16112011;44059215;1
C11110000744;16112011;44059216;10
C11110000744;16112011;44059110;1
C11110000744;16112011;44059111;1
C11110000744;16112011;44059112;8
C11110000744;16112011;43979001;4
C11110000744;16112011;43449708;1
C11110000744;16112011;44035533;2
C11110000744;16112011;44035534;2
C11110000744;16112011;44035535;2
C11110000744;16112011;44035536;1
C11110000744;16112011;43979215;6
C11110000744;16112011;44064016;5
C11110000744;16112011;44318601;4
C11110000744;16112011;44318602;5
C11110000744;16112011;44318603;3
C11110000744;16112011;44318604;9
C11110000744;16112011;BR10000092;127
