C11120002561;06012012;42869401;2
C11120002561;06012012;42931701;1
C11120002561;06012012;41963001;4
C11120002561;06012012;41963002;6
C11120002561;06012012;41963003;6
C11120002561;06012012;41963004;4
C11120002561;06012012;42918101;1
C11120002561;06012012;42918102;1
C11120002561;06012012;42918104;2
C11120002561;06012012;41962801;2
C11120002561;06012012;41962802;1
C11120002561;06012012;41962803;2
C11120002561;06012012;41962804;4
C11120002561;06012012;43979001;1
C11120002561;06012012;43502001;2
C11120002561;06012012;43979215;1
C11120002561;06012012;43866104;1
C11120002561;06012012;42918901;3
C11120002561;06012012;42918902;1
C11120002561;06012012;42918904;4
C11120002561;06012012;56115001;5
C11120002561;06012012;42931602;1
C11120002561;06012012;BR10000092;8
