C11100004453;11112011;42102901;20
C11100004453;11112011;43502001;11
C11100004453;11112011;44036041;1
C11100004453;11112011;44036044;10
C11100004453;11112011;42918102;1
C11100004453;11112011;42918103;1
C11100004453;11112011;42918104;2
C11100004453;11112011;44318501;2
C11100004453;11112011;44318502;2
C11100004453;11112011;44318503;2
C11100004453;11112011;44318504;2
C11100004453;11112011;42869401;3
C11100004453;11112011;44318601;1
C11100004453;11112011;44318602;3
C11100004453;11112011;44318603;2
C11100004453;11112011;44318604;2
