C12020001588;29052012;44059213;27
C12020001588;29052012;44059214;27
C12020001588;29052012;44059215;27
C12020001588;29052012;44059216;35
C12020001588;29052012;43502301;7
C12020001588;29052012;43979215;14
C12020001588;29052012;52116002;2
C12020001588;29052012;43866101;3
C12020001588;29052012;43866102;6
C12020001588;29052012;43866103;5
C12020001588;29052012;43866104;8
C12020001588;29052012;44064013;9
C12020001588;29052012;44064014;12
C12020001588;29052012;44064015;10
C12020001588;29052012;44064016;8
