C11120006125;24012012;43324417;5
C11120006125;24012012;43324418;8
C11120006125;24012012;43324419;13
C11120006125;24012012;43324420;8
C11120006125;24012012;43324401;5
C11120006125;24012012;43324402;1
C11120006125;24012012;43324403;1
C11120006125;24012012;43324404;4
C11120006125;24012012;43979215;3
C11120006125;24012012;43866104;1
C11120006125;24012012;43381718;1
C11120006125;24012012;43381720;1
C11120006125;24012012;52116002;1
C11120006125;24012012;44318601;4
C11120006125;24012012;44318602;5
C11120006125;24012012;44318603;4
C11120006125;24012012;43979001;13
C11120006125;24012012;43487733;5
C11120006125;24012012;43487734;3
C11120006125;24012012;43487735;4
C11120006125;24012012;43487736;3
C11120006125;24012012;43449025;1
C11120006125;24012012;42918981;2
C11120006125;24012012;42918982;3
C11120006125;24012012;42918983;4
C11120006125;24012012;42918984;2
