C12090001021;19112012;44064013;1
C12090001021;19112012;44064014;1
C12090001021;19112012;44064015;1
C12090001021;19112012;44064016;2
C12090001021;19112012;44315101;1
C12090001021;19112012;43381717;1
C12090001021;19112012;44289101;1
C12090001021;19112012;44059214;1
C12090001021;19112012;42931602;3
C12090001021;19112012;44469702;1
C12090001021;19112012;44173404;1
C12090001021;19112012;43502001;1
C12090001021;19112012;44574301;1
C12090001021;19112012;44036041;1
C12090001021;19112012;44036042;1
C12090001021;19112012;52116002;1
C12090001021;19112012;44035533;2
C12090001021;19112012;44035534;2
C12090001021;19112012;44035535;2
C12090001021;19112012;44035536;2
C12090001021;19112012;BR10000092;3
