C12070006877;16082012;44494201;1
C12070006877;16082012;44318501;1
C12070006877;16082012;44318502;1
C12070006877;16082012;44318503;1
C12070006877;16082012;44318504;1
C12070006877;16082012;43460201;1
C12070006877;16082012;43460202;1
C12070006877;16082012;43363201;4
C12070006877;16082012;43381701;2
C12070006877;16082012;43381702;2
C12070006877;16082012;43381703;3
C12070006877;16082012;43381704;3
C12070006877;16082012;43378001;1
C12070006877;16082012;44472201;1
C12070006877;16082012;44064016;1
C12070006877;16082012;43324401;4
C12070006877;16082012;43324402;4
C12070006877;16082012;43324403;4
C12070006877;16082012;43324404;5
C12070006877;16082012;44318601;1
C12070006877;16082012;44318602;1
C12070006877;16082012;44318603;1
C12070006877;16082012;43865717;3
C12070006877;16082012;43865718;3
C12070006877;16082012;43865719;3
C12070006877;16082012;43865720;3
C12070006877;16082012;43979215;4
C12070006877;16082012;44469802;2
C12070006877;16082012;44469701;1
C12070006877;16082012;44469702;1
C12070006877;16082012;44469703;2
C12070006877;16082012;44469801;2
C12070006877;16082012;43459301;2
C12070006877;16082012;43459302;2
C12070006877;16082012;43459303;2
C12070006877;16082012;43459304;2
