C12010006420;09022012;41945521;1
C12010006420;09022012;42918901;1
C12010006420;09022012;42918902;3
C12010006420;09022012;42918903;2
C12010006420;09022012;42918904;2
C12010006420;09022012;41962801;2
C12010006420;09022012;41962802;1
C12010006420;09022012;41962804;3
C12010006420;09022012;56115001;6
C12010006420;09022012;42869401;2
C12010006420;09022012;43979215;1
C12010006420;09022012;43502001;1
C12010006420;09022012;43501901;1
C12010006420;09022012;41963001;2
C12010006420;09022012;41963002;3
C12010006420;09022012;41963003;2
C12010006420;09022012;41963004;4
C12010006420;09022012;42918101;1
C12010006420;09022012;42918102;1
