C12080004940;21082012;44064013;4
C12080004940;21082012;44064014;4
C12080004940;21082012;44064015;4
C12080004940;21082012;44064016;4
C12080004940;21082012;44318501;15
C12080004940;21082012;44318502;15
C12080004940;21082012;44318503;15
C12080004940;21082012;44318504;15
C12080004940;21082012;44318601;3
C12080004940;21082012;44318602;3
C12080004940;21082012;44318603;3
C12080004940;21082012;44318604;3
C12080004940;21082012;44059213;8
C12080004940;21082012;44059214;8
C12080004940;21082012;44059215;8
C12080004940;21082012;44059216;8
C12080004940;21082012;43979215;40
C12080004940;21082012;43865717;9
C12080004940;21082012;43865718;9
C12080004940;21082012;43865719;9
C12080004940;21082012;43865718;9
C12080004940;21082012;42869401;5
C12080004940;21082012;42918101;4
C12080004940;21082012;42918103;4
C12080004940;21082012;42918104;4
C12080004940;21082012;43913801;5
C12080004940;21082012;43913802;5
C12080004940;21082012;43913803;5
C12080004940;21082012;43913804;5
C12080004940;21082012;43363421;5
C12080004940;21082012;42931602;6
C12080004940;21082012;BR10000092;10
C12080004940;21082012;44035533;2
C12080004940;21082012;44035534;2
C12080004940;21082012;44035535;2
C12080004940;21082012;44035536;4
C12080004940;21082012;42931701;5
C12080004940;21082012;43502001;3
