C12030007805;23042012;41962801;4
C12030007805;23042012;41962802;3
C12030007805;23042012;41962803;3
C12030007805;23042012;41962804;5
C12030007805;23042012;44059109;3
C12030007805;23042012;44059110;3
C12030007805;23042012;44059111;4
C12030007805;23042012;44059112;5
C12030007805;23042012;42918101;1
C12030007805;23042012;42918102;5
C12030007805;23042012;42918103;1
C12030007805;23042012;42918104;5
C12030007805;23042012;43363421;6
C12030007805;23042012;43913801;5
C12030007805;23042012;43913802;5
C12030007805;23042012;43913803;5
C12030007805;23042012;43913804;24
C12030007805;23042012;44064013;1
C12030007805;23042012;44064014;1
C12030007805;23042012;44064015;3
C12030007805;23042012;44064016;7
C12030007805;23042012;43854901;3
C12030007805;23042012;42931602;4
C12030007805;23042012;42931701;5
C12030007805;23042012;42918901;4
C12030007805;23042012;42918902;3
C12030007805;23042012;42918903;1
C12030007805;23042012;42918904;4
