C12050004003;29052012;43381904;14
C12050004003;29052012;43381903;8
C12050004003;29052012;43381902;9
C12050004003;29052012;43381901;7
C12050004003;29052012;42127401;2
C12050004003;29052012;42127402;1
C12050004003;29052012;42127403;1
C12050004003;29052012;42127404;3
C12050004003;29052012;43381704;6
C12050004003;29052012;43381703;5
C12050004003;29052012;43381702;7
C12050004003;29052012;43979001;2
C12050004003;29052012;44250716;1
C12050004003;29052012;43502301;3
C12050004003;29052012;44469701;1
C12050004003;29052012;43459404;1
C12050004003;29052012;44059112;2
C12050004003;29052012;44250801;1