C12090004551;17092012;43979001;14
C12090004551;17092012;44574301;1
C12090004551;17092012;43979201;1
C12090004551;17092012;43979215;7
C12090004551;17092012;44059213;2
C12090004551;17092012;44059214;2
C12090004551;17092012;44059215;2
C12090004551;17092012;44059216;2
C12090004551;17092012;44036041;1
C12090004551;17092012;44036042;1
C12090004551;17092012;44036043;1
C12090004551;17092012;44036044;2
C12090004551;17092012;43650301;2
C12090004551;17092012;43913801;1
C12090004551;17092012;43913802;1
C12090004551;17092012;43913803;1
C12090004551;17092012;43913804;1
C12090004551;17092012;41963001;1
C12090004551;17092012;41963002;1
C12090004551;17092012;41963003;1
C12090004551;17092012;41963004;2
C12090004551;17092012;44318601;1
C12090004551;17092012;44318602;1
C12090004551;17092012;44318603;1
C12090004551;17092012;44318604;1
C12090004551;17092012;44064013;1
C12090004551;17092012;44064014;1
C12090004551;17092012;44064015;1
C12090004551;17092012;44064016;2
C12090004551;17092012;44059109;5
C12090004551;17092012;44059110;6
C12090004551;17092012;44059111;6
C12090004551;17092012;44059112;6
C12090004551;17092012;43381717;1
C12090004551;17092012;43381718;1
C12090004551;17092012;43381719;1
C12090004551;17092012;43381720;1
C12090004551;17092012;43460201;1
C12090004551;17092012;43460202;1
C12090004551;17092012;43460203;1
C12090004551;17092012;43460204;1
C12090004551;17092012;44318504;1
C12090004551;17092012;44035533;1
C12090004551;17092012;44035534;1
C12090004551;17092012;44035535;1
C12090004551;17092012;44035536;1
C12090004551;17092012;44064013;1
C12090004551;17092012;44064014;1
C12090004551;17092012;44064015;1
C12090004551;17092012;44064016;1
C12090004551;17092012;41962801;1
C12090004551;17092012;41962802;2
C12090004551;17092012;41962803;1
C12090004551;17092012;42869401;1
C12090004551;17092012;41945601;1
C12090004551;17092012;43378001;1
