C12070007172;10082012;43913801;2
C12070007172;10082012;43913802;2
C12070007172;10082012;43913803;3
C12070007172;10082012;43913804;3
C12070007172;10082012;41963001;3
C12070007172;10082012;41963002;2
C12070007172;10082012;41963003;3
C12070007172;10082012;41963004;2
C12070007172;10082012;42102801;1
C12070007172;10082012;42918101;3
C12070007172;10082012;42918102;3
C12070007172;10082012;42918103;3
C12070007172;10082012;42918104;4
C12070007172;10082012;44035536;1
C12070007172;10082012;44318601;3
C12070007172;10082012;44318602;3
C12070007172;10082012;44318603;3
C12070007172;10082012;44318604;3
C12070007172;10082012;43979001;4
C12070007172;10082012;43363421;2
C12070007172;10082012;44469801;1
C12070007172;10082012;42931602;2
C12070007172;10082012;44574901;5
C12070007172;10082012;43979215;4
C12070007172;10082012;44469701;1
C12070007172;10082012;44469702;1
C12070007172;10082012;44469703;1
C12070007172;10082012;44469719;2
C12070007172;10082012;44036041;1
C12070007172;10082012;44036042;2
C12070007172;10082012;44036043;2
C12070007172;10082012;44036044;2
C12070007172;10082012;42625501;1
C12070007172;10082012;50231970;1
C12070007172;10082012;42869401;7
C12070007172;10082012;43460201;4
C12070007172;10082012;43460202;4
C12070007172;10082012;43460203;4
C12070007172;10082012;43460204;4
C12070007172;10082012;BR10000092;4
C12070007172;10082012;41962801;1
