C12040003179;17042012;42869401;5
C12040003179;17042012;42918901;3
C12040003179;17042012;42918902;2
C12040003179;17042012;42918903;1
C12040003179;17042012;42918904;9
C12040003179;17042012;43459401;1
C12040003179;17042012;43459403;3
C12040003179;17042012;43459404;5
C12040003179;17042012;43381701;3
C12040003179;17042012;43381702;2
C12040003179;17042012;43381703;1
C12040003179;17042012;43381704;10
C12040003179;17042012;44064013;2
C12040003179;17042012;44064014;1
C12040003179;17042012;44064015;2
C12040003179;17042012;44064016;6
C12040003179;17042012;44059109;1
C12040003179;17042012;44059110;1
C12040003179;17042012;44059111;1
C12040003179;17042012;44059112;4
C12040003179;17042012;43979215;1
C12040003179;17042012;43324419;1
C12040003179;17042012;43324420;1
C12040003179;17042012;43979001;1
C12040003179;17042012;42918984;2
