C12060003654;26072012;43913801;3
C12060003654;26072012;43913802;3
C12060003654;26072012;43913803;3
C12060003654;26072012;43913804;3
C12060003654;26072012;43866101;1
C12060003654;26072012;43866102;1
C12060003654;26072012;43866103;2
C12060003654;26072012;43866104;2
C12060003654;26072012;44318601;3
C12060003654;26072012;44318602;3
C12060003654;26072012;44318603;3
C12060003654;26072012;44318604;5
C12060003654;26072012;44036041;1
C12060003654;26072012;44036042;1
C12060003654;26072012;44036043;2
C12060003654;26072012;44036044;3
C12060003654;26072012;43460203;1
C12060003654;26072012;43865717;1
C12060003654;26072012;43865718;1
C12060003654;26072012;43865719;1
C12060003654;26072012;43502001;2
C12060003654;26072012;42918101;1
C12060003654;26072012;42918102;1
C12060003654;26072012;42918103;1
C12060003654;26072012;42918104;1
C12060003654;26072012;43979215;4
C12060003654;26072012;42126601;1
C12060003654;26072012;42126602;1
C12060003654;26072012;42126603;1
C12060003654;26072012;42126604;1
C12060003654;26072012;44318504;1
C12060003654;26072012;43501901;1
C12060003654;26072012;43381720;1
C12060003654;26072012;42918981;1
C12060003654;26072012;42918982;1
C12060003654;26072012;42918983;1
C12060003654;26072012;42918984;2
C12060003654;26072012;43487736;1
C12060003654;26072012;43487734;1
