C12050008335;20062012;42918102;4
C12050008335;20062012;42918103;4
C12050008335;20062012;42918101;2
C12050008335;20062012;42869401;3
C12050008335;20062012;44059109;5
C12050008335;20062012;44059110;1
C12050008335;20062012;44059112;1
C12050008335;20062012;42918903;1
C12050008335;20062012;42918904;1
C12050008335;20062012;42918981;1
C12050008335;20062012;42918982;2
C12050008335;20062012;42918983;3
C12050008335;20062012;42918984;3
C12050008335;20062012;43979001;5
C12050008335;20062012;43501901;2
C12050008335;20062012;42931602;5
C12050008335;20062012;43363421;1
C12050008335;20062012;43381718;2
C12050008335;20062012;43381719;1
C12050008335;20062012;44064014;1
C12050008335;20062012;44064015;1
C12050008335;20062012;41962802;1
C12050008335;20062012;42126602;1
C12050008335;20062012;42126603;1
C12050008335;20062012;42126601;2
C12050008335;20062012;43913803;1
C12050008335;20062012;42931701;1
C12050008335;20062012;43913802;1
