C12070001646;13082012;43460201;3
C12070001646;13082012;43460202;3
C12070001646;13082012;43460203;3
C12070001646;13082012;43460204;3
C12070001646;13082012;44341901;14
C12070001646;13082012;56120401;22
C12070001646;13082012;50231970;24
C12070001646;13082012;43501901;4
C12070001646;13082012;44059109;2
C12070001646;13082012;44059110;2
C12070001646;13082012;44059111;2
C12070001646;13082012;44059112;2
C12070001646;13082012;43459301;10
C12070001646;13082012;43459302;10
C12070001646;13082012;43459303;11
C12070001646;13082012;43459304;15
C12070001646;13082012;43324401;9
C12070001646;13082012;43324402;9
C12070001646;13082012;43324403;9
C12070001646;13082012;43324404;9
C12070001646;13082012;43381701;2
C12070001646;13082012;43381702;9
C12070001646;13082012;43381703;9
C12070001646;13082012;43381704;9
C12070001646;13082012;43363201;5
C12070001646;13082012;44289101;5
