C12030005934;02042012;44064013;2
C12030005934;02042012;44064014;2
C12030005934;02042012;44064015;3
C12030005934;02042012;44064016;6
C12030005934;02042012;56123401;10
C12030005934;02042012;56123402;3
C12030005934;02042012;43449708;2
C12030005934;02042012;43529404;1
C12030005934;02042012;50231970;2
C12030005934;02042012;43854901;1
C12030005934;02042012;43460204;1
C12030005934;02042012;44318504;1
C12030005934;02042012;43381719;1
C12030005934;02042012;56119201;2
C12030005934;02042012;52116002;1
C12030005934;02042012;56119203;1
C12030005934;02042012;56119204;1
C12030005934;02042012;52115901;1
C12030005934;02042012;52106701;3
C12030005934;02042012;43979215;1
C12030005934;02042012;40709901;1
C12030005934;02042012;56116901;3
C12030005934;02042012;43979001;1
C12030005934;02042012;44059213;3
C12030005934;02042012;44059214;4
C12030005934;02042012;44059215;2
C12030005934;02042012;44059216;9
C12030005934;02042012;52114502;5
C12030005934;02042012;52116002;3
C12030005934;02042012;42918104;10
C12030005934;02042012;BR10000092;2
