C12050006049;29052012;43529404;1
C12050006049;29052012;44064015;1
C12050006049;29052012;44064016;1
C12050006049;29052012;44064013;2
C12050006049;29052012;43979001;23
C12050006049;29052012;44318604;2
C12050006049;29052012;43979215;34
C12050006049;29052012;43979001;3
C12050006049;29052012;44059111;3
C12050006049;29052012;43865720;2
C12050006049;29052012;44035534;3
C12050006049;29052012;44064014;1
C12050006049;29052012;43913803;1
C12050006049;29052012;43381718;1
C12050006049;29052012;43381720;1
C12050006049;29052012;42126603;1
C12050006049;29052012;42126604;1
C12050006049;29052012;43460202;1
C12050006049;29052012;43460203;1
C12050006049;29052012;43460204;1
C12050006049;29052012;43460201;1
C12050006049;29052012;44059109;4
C12050006049;29052012;44059110;3
C12050006049;29052012;44059111;4
C12050006049;29052012;44059112;2
C12050006049;29052012;44059214;2
C12050006049;29052012;44059216;2
C12050006049;29052012;44059213;2
C12050006049;29052012;44059215;1
C12050006049;29052012;42918982;2
C12050006049;29052012;42918981;1
C12050006049;29052012;42918984;1
C12050006049;29052012;43459304;1
C12050006049;29052012;43459304;1
C12050006049;29052012;43459302;1
C12050006049;29052012;43459303;1
C12050006049;29052012;43459301;2
C12050006049;29052012;43449708;1
C12050006049;29052012;42625501;1
C12050006049;29052012;42918101;1
C12050006049;29052012;42918102;1
C12050006049;29052012;42918104;1
C12050006049;29052012;42869401;2
