C12060000124;20062012;42918101;5
C12060000124;20062012;42918102;5
C12060000124;20062012;42918103;6
C12060000124;20062012;42918104;6
C12060000124;20062012;43913801;2
C12060000124;20062012;43913802;2
C12060000124;20062012;43913803;3
C12060000124;20062012;43913804;3
C12060000124;20062012;44036041;3
C12060000124;20062012;44036042;2
C12060000124;20062012;44036043;3
C12060000124;20062012;44036044;8
C12060000124;20062012;42918902;10
C12060000124;20062012;42918901;5
C12060000124;20062012;42918903;10
C12060000124;20062012;44035533;2
C12060000124;20062012;44035536;2
C12060000124;20062012;43381717;1
C12060000124;20062012;43381720;2
C12060000124;20062012;43460204;2
C12060000124;20062012;42931701;1
C12060000124;20062012;42931602;1
C12060000124;20062012;41962801;1
C12060000124;20062012;41962802;2
C12060000124;20062012;41962803;1
C12060000124;20062012;41962804;1
C12060000124;20062012;43363421;1
C12060000124;20062012;42931701;3
C12060000124;20062012;42869401;7
C12060000124;20062012;41945601;1
C12060000124;20062012;50231970;1
C12060000124;20062012;43865718;2
C12060000124;20062012;43865720;1
C12060000124;20062012;43979001;1
C12060000124;20062012;41963004;2
C12060000124;20062012;43866101;4
C12060000124;20062012;43866104;5
C12060000124;20062012;44574901;4
C12060000124;20062012;44318601;6
C12060000124;20062012;44318602;3
C12060000124;20062012;44318603;4
C12060000124;20062012;44318604;5
C12060000124;20062012;44469801;2
C12060000124;20062012;43502001;16
C12060000124;20062012;43979215;4
C12060000124;20062012;43979101;3
C12060000124;20062012;BR10000092;5
C12060000124;20062012;43459301;1
C12060000124;20062012;43459302;1
C12060000124;20062012;43459303;1
C12060000124;20062012;43459304;1
