C12100001703;04102012;43459301;5
C12100001703;04102012;43459302;8
C12100001703;04102012;43459303;7
C12100001703;04102012;43459304;3
C12100001703;04102012;43459401;5
C12100001703;04102012;43459402;3
C12100001703;04102012;43459403;4
C12100001703;04102012;43459404;3
C12100001703;04102012;42102901;4
C12100001703;04102012;43487733;1
C12100001703;04102012;43487735;1
C12100001703;04102012;43865717;1
C12100001703;04102012;43865718;1
C12100001703;04102012;43865719;1
C12100001703;04102012;43865720;1
C12100001703;04102012;43502001;4
C12100001703;04102012;43979001;5
C12100001703;04102012;43381720;4
C12100001703;04102012;44064016;1
C12100001703;04102012;43460204;1
