C12090002699;24092012;43979001;16
C12090002699;24092012;44917601;22
C12090002699;24092012;43502001;4
C12090002699;24092012;BR10000092;20
C12090002699;24092012;44036041;7
C12090002699;24092012;42869401;1
C12090002699;24092012;44469801;1
C12090002699;24092012;42127401;20
C12090002699;24092012;44318601;14
C12090002699;24092012;41963604;2
C12090002699;24092012;43979215;12
C12090002699;24092012;42126601;10
C12090002699;24092012;43913801;2
C12090002699;24092012;42625501;1
C12090002699;24092012;43854901;4
C12090002699;24092012;44469701;11
C12090002699;24092012;42102901;1
C12090002699;24092012;43363421;2
C12090002699;24092012;41962802;1
C12090002699;24092012;41962803;1
C12090002699;24092012;41962804;1
C12090002699;24092012;44059213;9
C12090002699;24092012;43913801;1
C12090002699;24092012;44318504;1
C12090002699;24092012;44064016;1
C12090002699;24092012;41963004;2
C12090002699;24092012;43979001;1
C12090002699;24092012;43979215;3
C12090002699;24092012;43324417;9
C12090002699;24092012;44318601;7
C12090002699;24092012;43979201;1
C12090002699;24092012;43459301;4
