C12090008115;08102012;44036041;15
C12090008115;08102012;44036042;15
C12090008115;08102012;44036043;16
C12090008115;08102012;44036044;16
C12090008115;08102012;44318601;27
C12090008115;08102012;44318602;27
C12090008115;08102012;44318603;27
C12090008115;08102012;44318604;27
C12090008115;08102012;42869401;5
C12090008115;08102012;42931602;2
C12090008115;08102012;43913801;1
C12090008115;08102012;43913802;1
C12090008115;08102012;43913803;1
C12090008115;08102012;43913804;2
C12090008115;08102012;52116002;3
C12090008115;08102012;44035536;3
C12090008115;08102012;44035533;2
C12090008115;08102012;44035534;2
C12090008115;08102012;44035535;2
C12090008115;08102012;BR10000092;15
C12090008115;08102012;43979201;3
