C12010005106;01022012;43459401;1
C12010005106;01022012;43979001;3
C12010005106;01022012;43979215;5
C12010005106;01022012;43865720;1
C12010005106;01022012;43866102;2
C12010005106;01022012;43866103;3
C12010005106;01022012;43866104;1
C12010005106;01022012;44059213;1
C12010005106;01022012;44059214;1
C12010005106;01022012;44059215;1
C12010005106;01022012;44059216;1
C12010005106;01022012;44064016;1
C12010005106;01022012;42918981;2
C12010005106;01022012;42918982;1
C12010005106;01022012;42918984;1
C12010005106;01022012;42918101;1
C12010005106;01022012;42918102;1
C12010005106;01022012;42918103;1
C12010005106;01022012;42918104;1
C12010005106;01022012;44318601;3
C12010005106;01022012;44318602;2
C12010005106;01022012;44318603;2
C12010005106;01022012;44318604;2
C12010005106;01022012;43913801;2
C12010005106;01022012;43913803;2
C12010005106;01022012;42869401;1
C12010005106;01022012;43502001;2
C12010005106;01022012;BR10000092;4
