C12010005297;24012012;43979215;20
C12010005297;24012012;43979001;4
C12010005297;24012012;43459302;1
C12010005297;24012012;43459303;1
C12010005297;24012012;43459403;1
C12010005297;24012012;43459404;1
C12010005297;24012012;44059109;1
C12010005297;24012012;44059110;1
C12010005297;24012012;44059111;1
C12010005297;24012012;44059112;1
C12010005297;24012012;41962802;1
C12010005297;24012012;42918981;1
C12010005297;24012012;42918982;3
C12010005297;24012012;42918983;3
C12010005297;24012012;42918984;3
C12010005297;24012012;52117101;1
C12010005297;24012012;43381717;1
C12010005297;24012012;43381718;1
C12010005297;24012012;43529404;1
C12010005297;24012012;43502001;1
C12010005297;24012012;43979201;1
C12010005297;24012012;41963004;1
