C12030005691;26032012;44064013;2
C12030005691;26032012;44064014;3
C12030005691;26032012;44064015;1
C12030005691;26032012;44318501;1
C12030005691;26032012;44318502;2
C12030005691;26032012;44318503;4
C12030005691;26032012;43381701;3
C12030005691;26032012;43381702;1
C12030005691;26032012;43381703;3
C12030005691;26032012;43381717;5
C12030005691;26032012;43381718;6
C12030005691;26032012;43381719;2
C12030005691;26032012;43381720;1
C12030005691;26032012;44059109;1
C12030005691;26032012;44059110;1
C12030005691;26032012;44059111;1
C12030005691;26032012;44059112;1
