C12040006607;29052012;42918102;1
C12040006607;29052012;42918103;1
C12040006607;29052012;42918104;2
C12040006607;29052012;44036043;1
C12040006607;29052012;44036042;1
C12040006607;29052012;44036041;1
C12040006607;29052012;42931602;1
C12040006607;29052012;52117101;1
C12040006607;29052012;44574901;2
C12040006607;29052012;44250710;1
C12040006607;29052012;44059216;1
C12040006607;29052012;44059215;1
C12040006607;29052012;44059214;1
C12040006607;29052012;44469801;1
C12040006607;29052012;44469701;2
C12040006607;29052012;44469703;1
C12040006607;29052012;44469702;3
C12040006607;29052012;41963003;1
C12040006607;29052012;41962804;1
C12040006607;29052012;41962802;1
C12040006607;29052012;41962803;1
C12040006607;29052012;50230120;1
C12040006607;29052012;52114502;1
