C12050000270;17052012;42918104;1
C12050000270;17052012;42918103;1
C12050000270;17052012;42918101;1
C12050000270;17052012;44469801;1
C12050000270;17052012;44469701;1
C12050000270;17052012;43324403;1
C12050000270;17052012;43324404;1
C12050000270;17052012;43324402;1
C12050000270;17052012;43324401;1
C12050000270;17052012;43529404;1
C12050000270;17052012;43381702;1
C12050000270;17052012;43381703;1
C12050000270;17052012;50231970;2
C12050000270;17052012;44059215;3
C12050000270;17052012;44059214;2
C12050000270;17052012;44059213;2
C12050000270;17052012;44059216;2