C12080000952;15082012;43324401;5
C12080000952;15082012;43324402;5
C12080000952;15082012;43324403;4
C12080000952;15082012;43324404;4
C12080000952;15082012;44059109;9
C12080000952;15082012;44059110;9
C12080000952;15082012;44059111;9
C12080000952;15082012;44059112;3
C12080000952;15082012;43460201;4
C12080000952;15082012;43460202;4
C12080000952;15082012;43460203;4
C12080000952;15082012;43460204;6
C12080000952;15082012;43979001;5
C12080000952;15082012;43979215;70
C12080000952;15082012;43459301;5
C12080000952;15082012;43459302;5
C12080000952;15082012;43459303;5
C12080000952;15082012;43459304;5
C12080000952;15082012;52116002;8
C12080000952;15082012;43381701;3
C12080000952;15082012;43381702;2
C12080000952;15082012;43381703;2
C12080000952;15082012;43381704;3
C12080000952;15082012;44341901;4
C12080000952;15082012;42931602;3
C12080000952;15082012;44064013;1
C12080000952;15082012;44064014;3
C12080000952;15082012;44064015;3
C12080000952;15082012;44064016;3
