C12070008497;01082012;44318601;53
C12070008497;01082012;44318602;53
C12070008497;01082012;44318603;53
C12070008497;01082012;44318604;54
C12070008497;01082012;43866101;4
C12070008497;01082012;43866102;4
C12070008497;01082012;43866103;4
C12070008497;01082012;43866104;5
C12070008497;01082012;43913801;8
C12070008497;01082012;43913802;8
C12070008497;01082012;43913803;8
C12070008497;01082012;43913804;9
C12070008497;01082012;44035533;4
C12070008497;01082012;44035534;4
C12070008497;01082012;44035535;4
C12070008497;01082012;44035536;6
C12070008497;01082012;43854901;10
C12070008497;01082012;43363421;4
C12070008497;01082012;44059216;5
C12070008497;01082012;43979215;2
C12070008497;01082012;52116002;2
C12070008497;01082012;43449708;2
C12070008497;01082012;42931602;1
