C12010003910;24012012;43501901;1
C12010003910;24012012;42869401;3
C12010003910;24012012;41963001;2
C12010003910;24012012;41963002;2
C12010003910;24012012;41963003;2
C12010003910;24012012;41963004;2
C12010003910;24012012;44036041;4
C12010003910;24012012;44036042;3
C12010003910;24012012;44036043;2
C12010003910;24012012;44036044;15
C12010003910;24012012;42918981;10
C12010003910;24012012;42918982;7
C12010003910;24012012;42918983;6
C12010003910;24012012;42918104;4
C12010003910;24012012;43377001;1
C12010003910;24012012;41945601;1
C12010003910;24012012;42625501;2
C12010003910;24012012;44035534;1
C12010003910;24012012;44035535;1
C12010003910;24012012;43381718;1
C12010003910;24012012;43460201;1
C12010003910;24012012;43460202;1
C12010003910;24012012;41962801;1
C12010003910;24012012;41962802;1
C12010003910;24012012;41962803;1
C12010003910;24012012;41962804;1
C12010003910;24012012;43459301;1
C12010003910;24012012;43459302;1
C12010003910;24012012;43459303;2
C12010003910;24012012;43459304;4
C12010003910;24012012;43459402;3
C12010003910;24012012;43459403;1
C12010003910;24012012;43459404;6
C12010003910;24012012;50231970;2
C12010003910;24012012;44318601;2
C12010003910;24012012;44318602;2
C12010003910;24012012;44318603;2
C12010003910;24012012;44318604;2
C12010003910;24012012;43866101;1
C12010003910;24012012;43866102;1
C12010003910;24012012;43866103;1
C12010003910;24012012;43866104;5
C12010003910;24012012;43979201;6
C12010003910;24012012;42102901;1
C12010003910;24012012;43979215;5
C12010003910;24012012;43865718;3
C12010003910;24012012;42127404;1
C12010003910;24012012;BR10000092;1