C12020002800;22022012;42918101;1
C12020002800;22022012;42918102;1
C12020002800;22022012;42918103;1
C12020002800;22022012;42918104;1
C12020002800;22022012;42869401;1
C12020002800;22022012;43979001;1
C12020002800;22022012;43324466;1
C12020002800;22022012;43324469;1
C12020002800;22022012;44036041;1
C12020002800;22022012;44036042;1
C12020002800;22022012;44036044;1
C12020002800;22022012;44035534;1
C12020002800;22022012;44035535;1
C12020002800;22022012;44035536;5
C12020002800;22022012;42918981;1
C12020002800;22022012;42918982;1
C12020002800;22022012;42931602;1
