C12060005860;24092012;43502001;6
C12060005860;24092012;43979215;2
C12060005860;24092012;43459401;4
C12060005860;24092012;43459402;1
C12060005860;24092012;43459403;5
C12060005860;24092012;43459404;3
C12060005860;24092012;44318601;2
C12060005860;24092012;44318602;3
C12060005860;24092012;44318603;3
C12060005860;24092012;44318604;2
C12060005860;24092012;43381701;4
C12060005860;24092012;43381702;3
C12060005860;24092012;43381704;3
C12060005860;24092012;43324401;4
C12060005860;24092012;43324402;4
C12060005860;24092012;43324403;4
C12060005860;24092012;43324404;4
C12060005860;24092012;43460201;3
C12060005860;24092012;43460202;3
C12060005860;24092012;43460203;3
C12060005860;24092012;43460204;3
