C12090001960;17092012;43979215;29
C12090001960;17092012;44059213;1
C12090001960;17092012;44059214;1
C12090001960;17092012;44059215;1
C12090001960;17092012;44059216;2
C12090001960;17092012;43979001;7
C12090001960;17092012;43381701;3
C12090001960;17092012;43324401;1
C12090001960;17092012;43324402;1
C12090001960;17092012;43324403;1
C12090001960;17092012;44318601;1
C12090001960;17092012;42918901;1
C12090001960;17092012;42918902;1
C12090001960;17092012;42918903;1
C12090001960;17092012;42931701;2
C12090001960;17092012;52116002;5
