C12010008393;21032012;43381717;1
C12010008393;21032012;43381720;1
C12010008393;21032012;44064013;1
C12010008393;21032012;44064014;2
C12010008393;21032012;44064016;3
C12010008393;21032012;42931602;1
C12010008393;21032012;43979001;11
C12010008393;21032012;43381719;1
C12010008393;21032012;44059214;30
C12010008393;21032012;44059215;25
C12010008393;21032012;44059216;75
C12010008393;21032012;42918901;2
C12010008393;21032012;42918902;1
C12010008393;21032012;42918904;2
C12010008393;21032012;42918983;1
C12010008393;21032012;44059111;1
C12010008393;21032012;44059110;2
C12010008393;21032012;44059112;2
C12010008393;21032012;43865718;1
C12010008393;21032012;43865720;3
C12010008393;21032012;43865719;2
C12010008393;21032012;43979215;1
C12010008393;21032012;43979101;4
C12010008393;21032012;43640301;1
C12010008393;21032012;44059213;1
