C12060002844;20062012;52116002;4
C12060002844;20062012;43324417;3
C12060002844;20062012;43324418;3
C12060002844;20062012;43324419;3
C12060002844;20062012;43324420;3
C12060002844;20062012;44059213;1
C12060002844;20062012;44059214;1
C12060002844;20062012;44059215;2
C12060002844;20062012;44059216;2
C12060002844;20062012;43459301;1
C12060002844;20062012;43459302;1
C12060002844;20062012;43459303;1
C12060002844;20062012;43459304;2
C12060002844;20062012;43979215;7
C12060002844;20062012;43460201;1
C12060002844;20062012;43460202;1
C12060002844;20062012;43460203;2
C12060002844;20062012;43460204;2
C12060002844;20062012;41962801;1
C12060002844;20062012;41962802;1
