C12010007826;09022012;43979215;30
C12010007826;09022012;43866101;1
C12010007826;09022012;43866102;1
C12010007826;09022012;43866103;1
C12010007826;09022012;43866104;1
C12010007826;09022012;52116002;1
C12010007826;09022012;43979001;5
C12010007826;09022012;42918901;1
C12010007826;09022012;42918902;1
C12010007826;09022012;42918903;1
C12010007826;09022012;42918904;1
C12010007826;09022012;42918104;2
C12010007826;09022012;43913801;1
C12010007826;09022012;43913802;1
C12010007826;09022012;43913803;1
C12010007826;09022012;43913804;1
