C12080000448;02082012;43460201;1
C12080000448;02082012;43460202;1
C12080000448;02082012;43460203;1
C12080000448;02082012;43460204;1
C12080000448;02082012;44318601;6
C12080000448;02082012;44318602;6
C12080000448;02082012;44318603;6
C12080000448;02082012;44318604;6
C12080000448;02082012;43381717;1
C12080000448;02082012;43381718;1
C12080000448;02082012;43381719;1
C12080000448;02082012;43979215;16
C12080000448;02082012;44059215;1
C12080000448;02082012;44059216;1
C12080000448;02082012;42918101;3
C12080000448;02082012;42918102;3
C12080000448;02082012;42918103;3
C12080000448;02082012;42918104;4
C12080000448;02082012;41945521;2
C12080000448;02082012;50231970;3
C12080000448;02082012;44064013;1
C12080000448;02082012;44064014;1
C12080000448;02082012;44064015;1
C12080000448;02082012;44064016;1
