C12050003538;24092012;44318601;2
C12050003538;24092012;44318602;2
C12050003538;24092012;44318603;2
C12050003538;24092012;44318604;2
C12050003538;24092012;44059109;1
C12050003538;24092012;44059110;1
C12050003538;24092012;44059111;1
C12050003538;24092012;44059112;1
C12050003538;24092012;44064013;3
C12050003538;24092012;44064014;3
C12050003538;24092012;44064015;3
C12050003538;24092012;44064016;3
C12050003538;24092012;43913801;4
C12050003538;24092012;43913802;4
C12050003538;24092012;43913803;4
C12050003538;24092012;43913804;4
