C12050000946;29052012;43979001;37
C12050000946;29052012;43501901;53
C12050000946;29052012;42102801;6
C12050000946;29052012;41963004;5
C12050000946;29052012;41963003;3
C12050000946;29052012;41963002;3
C12050000946;29052012;41963001;2
C12050000946;29052012;44064015;6
C12050000946;29052012;44064014;5
C12050000946;29052012;44064016;6
C12050000946;29052012;44064013;5
C12050000946;29052012;52116002;10
C12050000946;29052012;43381720;2
C12050000946;29052012;43913801;1
C12050000946;29052012;43913803;1
C12050000946;29052012;43913802;1
C12050000946;29052012;43913804;1
C12050000946;29052012;43460204;1
C12050000946;29052012;43381701;1
C12050000946;29052012;43381703;1
C12050000946;29052012;43381702;1
C12050000946;29052012;43449027;1
C12050000946;29052012;42918102;1
C12050000946;29052012;44064013;1
C12050000946;29052012;43449026;1
C12050000946;29052012;43460204;1
C12050000946;29052012;43449025;1
C12050000946;29052012;41962804;1
C12050000946;29052012;41962801;1
C12050000946;29052012;41963401;1
C12050000946;29052012;41962802;1
C12050000946;29052012;41962803;1
C12050000946;29052012;44036041;1
C12050000946;29052012;44036042;1
C12050000946;29052012;44036044;1
C12050000946;29052012;44036042;1
C12050000946;29052012;44035534;1
C12050000946;29052012;44035535;1
C12050000946;29052012;44035533;1
C12050000946;29052012;44035536;1
C12050000946;29052012;44059111;8
C12050000946;29052012;44059112;4
C12050000946;29052012;44059110;3
C12050000946;29052012;44059109;5
C12050000946;29052012;43324418;2
C12050000946;29052012;43979201;8
C12050000946;29052012;43502001;6
C12050000946;29052012;43979215;12
C12050000946;29052012;44318602;1
C12050000946;29052012;43866102;1
C12050000946;29052012;43866101;1
C12050000946;29052012;44318603;3
C12050000946;29052012;43866103;2
C12050000946;29052012;52115904;2
C12050000946;29052012;43487734;1
C12050000946;29052012;41963604;1
C12050000946;29052012;41963601;1
C12050000946;29052012;41963603;1
C12050000946;29052012;43487733;2
C12050000946;29052012;43487735;2
C12050000946;29052012;44036044;2
C12050000946;29052012;44036043;1
C12050000946;29052012;44036042;1
C12050000946;29052012;44036041;1
C12050000946;29052012;43979215;1
C12050000946;29052012;44469801;1
C12050000946;29052012;44574901;1
C12050000946;29052012;43459401;1
C12050000946;29052012;43324419;1
C12050000946;29052012;43324420;1
C12050000946;29052012;43487736;1
C12050000946;29052012;BR10000092;62
