C12030006582;18102012;43502001;187
C12030006582;18102012;43979201;150
C12030006582;18102012;44036041;13
C12030006582;18102012;44036042;13
C12030006582;18102012;44036043;13
C12030006582;18102012;44036044;11
C12030006582;18102012;43979201;14
C12030006582;18102012;43979001;47
C12030006582;18102012;43459301;10
C12030006582;18102012;43459302;10
C12030006582;18102012;43459303;10
C12030006582;18102012;43459304;15
C12030006582;18102012;43979215;51
C12030006582;18102012;44917601;5
C12030006582;18102012;43913801;1
C12030006582;18102012;52116002;11
C12030006582;18102012;44059109;5
C12030006582;18102012;44059110;5
C12030006582;18102012;44059111;5
C12030006582;18102012;44059112;10
C12030006582;18102012;44318601;2
C12030006582;18102012;44318602;2
C12030006582;18102012;44318603;2
C12030006582;18102012;44318604;4
C12030006582;18102012;44318504;2
C12030006582;18102012;41962801;1
C12030006582;18102012;41962802;1
C12030006582;18102012;41962803;1
C12030006582;18102012;42918901;2
C12030006582;18102012;44064013;2
C12030006582;18102012;44064014;2
C12030006582;18102012;44064015;2
C12030006582;18102012;44064016;3
C12030006582;18102012;42918104;1
C12030006582;18102012;41963001;3
C12030006582;18102012;41963002;3
C12030006582;18102012;41963003;3
C12030006582;18102012;41963004;3
C12030006582;18102012;44574901;4
C12030006582;18102012;BR10000092;37
