C12010000570;24012012;42869401;10
C12010000570;24012012;43502001;35
C12010000570;24012012;42102901;3
C12010000570;24012012;42918101;8
C12010000570;24012012;42918102;12
C12010000570;24012012;42918103;3
C12010000570;24012012;42918104;4
C12010000570;24012012;43979201;6
C12010000570;24012012;44036041;9
C12010000570;24012012;44036042;8
C12010000570;24012012;44036043;10
C12010000570;24012012;44036044;8
C12010000570;24012012;42918981;9
C12010000570;24012012;42918982;2
C12010000570;24012012;42918983;1
C12010000570;24012012;42918984;6
C12010000570;24012012;43487733;1
C12010000570;24012012;43487735;1
C12010000570;24012012;43487736;10
C12010000570;24012012;43979001;1
C12010000570;24012012;41962801;12
C12010000570;24012012;41962803;1
C12010000570;24012012;41945601;1
C12010000570;24012012;43979215;11
C12010000570;24012012;44469801;5
C12010000570;24012012;44318503;10
C12010000570;24012012;43381718;1
C12010000570;24012012;43913802;1
C12010000570;24012012;BR10000092;50