C12090004802;24092012;43459301;3
C12090004802;24092012;43459302;3
C12090004802;24092012;43459303;3
C12090004802;24092012;43459304;3
C12090004802;24092012;43459401;2
C12090004802;24092012;43459402;2
C12090004802;24092012;43459403;2
C12090004802;24092012;43459404;3
C12090004802;24092012;42102901;4
C12090004802;24092012;43487733;1
C12090004802;24092012;43487735;1
C12090004802;24092012;43865717;1
C12090004802;24092012;43865718;1
C12090004802;24092012;43865719;1
C12090004802;24092012;43865720;1
C12090004802;24092012;43502001;4
C12090004802;24092012;43979001;5
C12090004802;24092012;43381720;4
C12090004802;24092012;44064016;1
C12090004802;24092012;43460204;1
