C12090003156;17092012;42918901;2
C12090003156;17092012;42918902;2
C12090003156;17092012;42918903;2
C12090003156;17092012;42918904;2
C12090003156;17092012;43501901;1
C12090003156;17092012;41963001;6
C12090003156;17092012;41963002;6
C12090003156;17092012;41963003;6
C12090003156;17092012;41963004;6
C12090003156;17092012;43979001;1
C12090003156;17092012;43979215;1
C12090003156;17092012;43502001;2
C12090003156;17092012;42918101;1
C12090003156;17092012;42918102;1
C12090003156;17092012;42918103;2
C12090003156;17092012;42918104;2
C12090003156;17092012;41963604;1
C12090003156;17092012;43377001;1
C12090003156;17092012;42931701;1
C12090003156;17092012;42869401;1
C12090003156;17092012;41963404;1
C12090003156;17092012;41962801;3
C12090003156;17092012;41962802;3
C12090003156;17092012;41962803;3
C12090003156;17092012;41962804;3
C12090003156;17092012;56115001;11
C12090003156;17092012;BR10000092;1
