C12030004962;20042012;44036041;9
C12030004962;20042012;44036042;12
C12030004962;20042012;44036043;11
C12030004962;20042012;44036044;22
C12030004962;20042012;52116002;35
C12030004962;20042012;41963601;2
C12030004962;20042012;41963602;4
C12030004962;20042012;41963603;1
C12030004962;20042012;41963604;8
C12030004962;20042012;42869401;6
C12030004962;20042012;43866101;1
C12030004962;20042012;43866102;3
C12030004962;20042012;43866103;3
C12030004962;20042012;43866104;21
C12030004962;20042012;43979001;33
