C12070000755;24092012;43865717;3
C12070000755;24092012;43865718;3
C12070000755;24092012;43865719;4
C12070000755;24092012;43865720;2
C12070000755;24092012;42918981;4
C12070000755;24092012;42918982;4
C12070000755;24092012;42918983;4
C12070000755;24092012;42918984;3
C12070000755;24092012;43449028;1
C12070000755;24092012;42377801;1
C12070000755;24092012;41515207;1
C12070000755;24092012;41515208;1
C12070000755;24092012;41515205;1
C12070000755;24092012;41515206;1
C12070000755;24092012;43487734;1
C12070000755;24092012;43487736;1
C12070000755;24092012;42918101;2
C12070000755;24092012;42918102;2
C12070000755;24092012;42918103;2
C12070000755;24092012;42918104;4
C12070000755;24092012;43913801;3
C12070000755;24092012;43913802;4
C12070000755;24092012;43913803;4
C12070000755;24092012;43913804;3
C12070000755;24092012;43381720;1
C12070000755;24092012;52114502;2
C12070000755;24092012;52102001;2
C12070000755;24092012;43979001;5
C12070000755;24092012;43324417;1
C12070000755;24092012;43324418;1
C12070000755;24092012;43324419;2
C12070000755;24092012;43324420;2
C12070000755;24092012;43979215;6
C12070000755;24092012;43502001;1
C12070000755;24092012;43459303;1
C12070000755;24092012;44469721;1
C12070000755;24092012;44318601;2
C12070000755;24092012;44318602;2
C12070000755;24092012;44318603;2
C12070000755;24092012;44318604;2
C12070000755;24092012;43866101;3
C12070000755;24092012;43866102;2
C12070000755;24092012;43866103;2
C12070000755;24092012;43866104;2
