C12050003295;24092012;43979215;2
C12050003295;24092012;41963003;1
C12050003295;24092012;43979001;2
C12050003295;24092012;43324420;2
C12050003295;24092012;43324419;2
C12050003295;24092012;43324418;3
C12050003295;24092012;43324417;4
C12050003295;24092012;43865720;2
C12050003295;24092012;43865719;1
C12050003295;24092012;43865718;1
C12050003295;24092012;43865717;3
C12050003295;24092012;43460201;1
C12050003295;24092012;43460203;1
C12050003295;24092012;43460204;1
C12050003295;24092012;43381717;2
C12050003295;24092012;43381718;3
C12050003295;24092012;43381719;4
C12050003295;24092012;43381720;4
