C12070001484;31072012;43460201;7
C12070001484;31072012;52116002;1
C12070001484;31072012;43979001;3
C12070001484;31072012;44059213;1
C12070001484;31072012;44059214;1
C12070001484;31072012;44059215;1
C12070001484;31072012;44059216;1
C12070001484;31072012;44318601;1
C12070001484;31072012;44318602;1
C12070001484;31072012;44318603;1
C12070001484;31072012;43381720;1
C12070001484;31072012;44059109;1
C12070001484;31072012;42918101;1
C12070001484;31072012;42918102;1
C12070001484;31072012;42918103;1
C12070001484;31072012;43979215;4
C12070001484;31072012;44318502;1
C12070001484;31072012;43459304;2
C12070001484;31072012;52111701;1
C12070001484;31072012;44036041;1
C12070001484;31072012;44036042;1
C12070001484;31072012;44036043;1
C12070001484;31072012;BR10000092;1
C12070001484;31072012;42869401;2
C12070001484;31072012;43449708;1
