C12090007810;18012013;43979215;53
C12090007810;18012013;44036041;82
C12090007810;18012013;42126601;24
C12090007810;18012013;43866101;49
C12090007810;18012013;44035533;11
C12090007810;18012013;44318501;8
C12090007810;18012013;44469802;67
C12090007810;18012013;44469701;4
C12090007810;18012013;42918981;4
C12090007810;18012013;42102801;14
C12090007810;18012013;BR10000092;2
C12090007810;18012013;43381717;9
C12090007810;18012013;43913801;8
C12090007810;18012013;52123603;4
C12090007810;18012013;44574301;7
C12090007810;18012013;42918101;6
C12090007810;18012013;44574901;73
C12090007810;18012013;44318601;51
