C12020004846;14032012;42918104;15
C12020004846;14032012;52116002;2
C12020004846;14032012;41963004;14
C12020004846;14032012;42918981;33
C12020004846;14032012;43979215;110
C12020004846;14032012;43459403;31
C12020004846;14032012;44059111;16
C12020004846;14032012;44318604;41
C12020004846;14032012;44469703;38
C12020004846;14032012;43324402;30
C12020004846;14032012;41963003;2
C12020004846;14032012;44059216;4
C12020004846;14032012;44059112;4
C12020004846;14032012;43913803;2
C12020004846;14032012;44064016;52
C12020004846;14032012;42918101;2
C12020004846;14032012;43979001;11
C12020004846;14032012;42918103;5
C12020004846;14032012;43979001;3
C12020004846;14032012;43866101;2
C12020004846;14032012;43460203;12
C12020004846;14032012;44059110;5
C12020004846;14032012;43381718;2
C12020004846;14032012;44059109;2
C12020004846;14032012;44318602;2
C12020004846;14032012;44059213;2
C12020004846;14032012;43979215;2
C12020004846;14032012;43979215;9
C12020004846;14032012;43979215;2
C12020004846;14032012;43979001;10
C12020004846;14032012;BR10000092;64
