C12030008607;23042012;43979001;4
C12030008607;23042012;52116002;5
C12030008607;23042012;43866102;2
C12030008607;23042012;43866103;7
C12030008607;23042012;43866104;10
C12030008607;23042012;44318603;3
C12030008607;23042012;44318604;6
C12030008607;23042012;41962801;3
C12030008607;23042012;41962804;4
C12030008607;23042012;43913801;2
C12030008607;23042012;43913802;2
C12030008607;23042012;43913803;4
C12030008607;23042012;43913804;4
C12030008607;23042012;44036042;1
C12030008607;23042012;44036044;2
C12030008607;23042012;41963001;1
C12030008607;23042012;41963003;1
C12030008607;23042012;41963004;3
C12030008607;23042012;43979215;6
