C12090008972;09102012;44059109;3
C12090008972;09102012;44059110;3
C12090008972;09102012;44059111;3
C12090008972;09102012;44059112;3
C12090008972;09102012;43502001;2
C12090008972;09102012;43979215;1
C12090008972;09102012;43979001;3
C12090008972;09102012;BR10000092;17
C12090008972;09102012;44064013;1
C12090008972;09102012;44064014;1
C12090008972;09102012;44064015;1
C12090008972;09102012;44064016;1
C12090008972;09102012;43913801;5
C12090008972;09102012;43913802;5
C12090008972;09102012;43913803;5
C12090008972;09102012;43913804;5
C12090008972;09102012;43449708;2
