C12050003457;24092012;44318601;4
C12050003457;24092012;44318602;4
C12050003457;24092012;44318603;4
C12050003457;24092012;44318604;4
C12050003457;24092012;44059109;1
C12050003457;24092012;44059110;1
C12050003457;24092012;44059111;2
C12050003457;24092012;44059112;2
C12050003457;24092012;44064013;1
C12050003457;24092012;44064014;1
C12050003457;24092012;44064015;1
C12050003457;24092012;44064016;1
C12050003457;24092012;44318501;3
C12050003457;24092012;44318502;3
C12050003457;24092012;44318503;3
C12050003457;24092012;44318504;3
