C12050004267;24092012;42918103;2
C12050004267;24092012;42918102;1
C12050004267;24092012;44064016;1
C12050004267;24092012;44064014;1
C12050004267;24092012;44064013;1
C12050004267;24092012;44064015;1
C12050004267;24092012;43913804;1
C12050004267;24092012;44059111;1
C12050004267;24092012;44059109;1
C12050004267;24092012;42918903;1
C12050004267;24092012;42918902;1
C12050004267;24092012;50231970;1
C12050004267;24092012;44059216;1
C12050004267;24092012;44059214;1
C12050004267;24092012;44059213;1
C12050004267;24092012;44318601;1
C12050004267;24092012;44318602;4
C12050004267;24092012;44318603;1
C12050004267;24092012;44318604;1
C12050004267;24092012;43866104;1
C12050004267;24092012;44318504;1
C12050004267;24092012;43865720;1
C12050004267;24092012;43502001;1
C12050004267;24092012;43502301;1
C12050004267;24092012;43979001;4
C12050004267;24092012;43979215;4
C12050004267;24092012;43363201;1
