C12080002220;13082012;43459301;19
C12080002220;13082012;43459302;19
C12080002220;13082012;43459303;20
C12080002220;13082012;43459304;20
C12080002220;13082012;43460201;3
C12080002220;13082012;43460202;3
C12080002220;13082012;43460203;3
C12080002220;13082012;43460204;1
C12080002220;13082012;42931602;2
C12080002220;13082012;44289101;1
C12080002220;13082012;44035533;1
C12080002220;13082012;44035534;1
C12080002220;13082012;42918101;1
C12080002220;13082012;42918102;1
C12080002220;13082012;42931701;1
C12080002220;13082012;42918981;1
C12080002220;13082012;42918982;1
C12080002220;13082012;44036041;1
C12080002220;13082012;44036042;1
C12080002220;13082012;44036043;1
C12080002220;13082012;44036044;1
