C12060008451;19072012;41963001;7
C12060008451;19072012;41963002;7
C12060008451;19072012;41963003;7
C12060008451;19072012;41963004;8
C12060008451;19072012;56115001;9
C12060008451;19072012;43460204;1
C12060008451;19072012;43460203;1
C12060008451;19072012;41962801;2
C12060008451;19072012;41962802;2
C12060008451;19072012;41962803;3
C12060008451;19072012;41962804;4
C12060008451;19072012;42918101;1
C12060008451;19072012;42918102;1
C12060008451;19072012;42918103;1
C12060008451;19072012;43502001;1
C12060008451;19072012;43979001;5
C12060008451;19072012;57100101;1
C12060008451;19072012;42869401;1
