C12050005310;29052012;43979215;2
C12050005310;29052012;41963003;1
C12050005310;29052012;43979001;4
C12050005310;29052012;43324420;4
C12050005310;29052012;43324419;5
C12050005310;29052012;43324418;7
C12050005310;29052012;43324417;4
C12050005310;29052012;43865720;2
C12050005310;29052012;43865719;1
C12050005310;29052012;43865718;1
C12050005310;29052012;43865717;3
C12050005310;29052012;43460201;1
C12050005310;29052012;43460203;1
C12050005310;29052012;43460204;1
C12050005310;29052012;43381717;4
C12050005310;29052012;43381718;6
C12050005310;29052012;43381719;7
C12050005310;29052012;43381720;5
C12050005310;29052012;BR10000092;6
