C12010005882;09022012;43979001;19
C12010005882;09022012;44059213;3
C12010005882;09022012;44059214;4
C12010005882;09022012;44059215;4
C12010005882;09022012;44059216;15
C12010005882;09022012;43865717;7
C12010005882;09022012;43865718;7
C12010005882;09022012;43865719;9
C12010005882;09022012;43865720;16
C12010005882;09022012;52116002;2
C12010005882;09022012;43913801;3
C12010005882;09022012;43913802;3
C12010005882;09022012;43913803;2
C12010005882;09022012;43913804;6
C12010005882;09022012;42918101;1
C12010005882;09022012;42918102;1
C12010005882;09022012;42918103;1
C12010005882;09022012;42918104;1
C12010005882;09022012;50231970;5
C12010005882;09022012;43979215;32
C12010005882;09022012;44469701;5
C12010005882;09022012;44469702;5
C12010005882;09022012;44469703;5
C12010005882;09022012;44469719;8
