C12030009336;02042012;44035533;1
C12030009336;02042012;44035534;1
C12030009336;02042012;44035535;1
C12030009336;02042012;44035536;1
C12030009336;02042012;44059111;1
C12030009336;02042012;42918101;1
C12030009336;02042012;42918103;1
C12030009336;02042012;43459302;1
C12030009336;02042012;43459304;1
C12030009336;02042012;44059214;1
C12030009336;02042012;44059216;1
C12030009336;02042012;43979001;1
C12030009336;02042012;44036043;1
C12030009336;02042012;42918981;1
C12030009336;02042012;42918982;1
C12030009336;02042012;42918983;1
C12030009336;02042012;42918984;1
