C12070001212;01082012;43459304;5
C12070001212;01082012;42126602;1
C12070001212;01082012;44036044;11
C12070001212;01082012;44318601;3
C12070001212;01082012;44318602;3
C12070001212;01082012;44318603;3
C12070001212;01082012;44318604;4
C12070001212;01082012;43324417;2
C12070001212;01082012;43324418;2
C12070001212;01082012;43324419;2
C12070001212;01082012;43324420;3
C12070001212;01082012;43435701;1
C12070001212;01082012;43866101;1
C12070001212;01082012;43866102;1
C12070001212;01082012;43866103;1
C12070001212;01082012;43866104;1
C12070001212;01082012;43979001;20
C12070001212;01082012;43865720;1
C12070001212;01082012;42127404;1
C12070001212;01082012;43377001;1
C12070001212;01082012;43502001;22
C12070001212;01082012;41962801;1
C12070001212;01082012;41962802;1
C12070001212;01082012;41962803;1
C12070001212;01082012;41962804;1
C12070001212;01082012;43460201;1
C12070001212;01082012;43460202;1
C12070001212;01082012;43460203;1
C12070001212;01082012;43460204;1
C12070001212;01082012;BR10000092;4
C12070001212;01082012;43979215;26
C12070001212;01082012;41963001;1
C12070001212;01082012;41963002;1
C12070001212;01082012;41963003;1
C12070001212;01082012;41963004;1
C12070001212;01082012;42869401;4
C12070001212;01082012;44574901;3
C12070001212;01082012;43459301;3
C12070001212;01082012;43459302;3
C12070001212;01082012;43459303;3
