C12070007253;06082012;44318603;4
C12070007253;06082012;44318604;6
C12070007253;06082012;43501901;1
C12070007253;06082012;43324417;1
C12070007253;06082012;43324418;1
C12070007253;06082012;43324419;1
C12070007253;06082012;43324420;1
C12070007253;06082012;41963003;1
C12070007253;06082012;41963004;2
C12070007253;06082012;43459401;3
C12070007253;06082012;43459301;1
C12070007253;06082012;43459302;1
C12070007253;06082012;43459303;1
C12070007253;06082012;43459304;1
C12070007253;06082012;42127403;1
C12070007253;06082012;42127404;1
C12070007253;06082012;42869401;2
C12070007253;06082012;42931701;1
C12070007253;06082012;42931602;2
C12070007253;06082012;44341901;1
C12070007253;06082012;43363201;1
C12070007253;06082012;44318501;1
C12070007253;06082012;44318502;1
C12070007253;06082012;44318503;1
C12070007253;06082012;44318504;3
C12070007253;06082012;BR10000092;9
C12070007253;06082012;43979215;12
C12070007253;06082012;44035536;1
C12070007253;06082012;43502001;5
C12070007253;06082012;42102801;1
C12070007253;06082012;42918904;1
C12070007253;06082012;42918981;1
C12070007253;06082012;43460204;1
C12070007253;06082012;43460202;1
C12070007253;06082012;43460201;1
C12070007253;06082012;44059216;1
C12070007253;06082012;44059213;1
C12070007253;06082012;43865718;1
C12070007253;06082012;43865720;1
C12070007253;06082012;43979001;6
C12070007253;06082012;41945601;1
C12070007253;06082012;41962803;1
C12070007253;06082012;41962804;1
C12070007253;06082012;41962802;1
C12070007253;06082012;41962801;1
C12070007253;06082012;44059109;2
C12070007253;06082012;44059110;2
C12070007253;06082012;44059111;2
C12070007253;06082012;44059112;3
C12070007253;06082012;44318601;4
C12070007253;06082012;44318602;4