C12090002346;24092012;41963001;3
C12090002346;24092012;41963002;3
C12090002346;24092012;41963003;3
C12090002346;24092012;41963004;2
C12090002346;24092012;43865720;2
C12090002346;24092012;43460201;2
C12090002346;24092012;43460202;2
C12090002346;24092012;43460203;2
C12090002346;24092012;43460204;2
C12090002346;24092012;44318601;5
C12090002346;24092012;44318602;5
C12090002346;24092012;44318603;5
C12090002346;24092012;44318604;8
C12090002346;24092012;52116002;16
C12090002346;24092012;42869401;8
C12090002346;24092012;43913801;2
C12090002346;24092012;43913802;2
C12090002346;24092012;43913803;2
C12090002346;24092012;43913804;2
C12090002346;24092012;43381717;2
C12090002346;24092012;43381718;1
C12090002346;24092012;43381719;2
C12090002346;24092012;43381720;1
C12090002346;24092012;44318504;1
C12090002346;24092012;42918902;1
C12090002346;24092012;43979001;12
C12090002346;24092012;44035533;2
C12090002346;24092012;44035534;2
C12090002346;24092012;44035535;2
C12090002346;24092012;44035536;3
C12090002346;24092012;42931701;3
C12090002346;24092012;44036041;1
C12090002346;24092012;44036042;1
C12090002346;24092012;44036043;1
C12090002346;24092012;44036044;1
C12090002346;24092012;42931602;4
C12090002346;24092012;42918101;4
C12090002346;24092012;42918102;4
C12090002346;24092012;42918103;4
C12090002346;24092012;42918104;4
C12090002346;24092012;41962801;1
C12090002346;24092012;41962802;1
C12090002346;24092012;41962803;1
C12090002346;24092012;41962804;1
C12090002346;24092012;43854901;3
C12090002346;24092012;42126604;2
C12090002346;24092012;44917601;6
C12090002346;24092012;44469801;2
C12090002346;24092012;44574901;8
C12090002346;24092012;43979215;7
C12090002346;24092012;43502001;1
C12090002346;24092012;44469701;1
C12090002346;24092012;44469702;1
C12090002346;24092012;44315343;5
C12090002346;24092012;50231970;1
