C12010004487;01022012;43363201;4
C12010004487;01022012;44494201;2
C12010004487;01022012;43363421;2
C12010004487;01022012;43324417;1
C12010004487;01022012;43324401;3
C12010004487;01022012;43324402;3
C12010004487;01022012;43324403;4
C12010004487;01022012;43324404;5
C12010004487;01022012;43865717;3
C12010004487;01022012;43865718;6
C12010004487;01022012;43865719;4
C12010004487;01022012;43865720;7
C12010004487;01022012;43459301;1
C12010004487;01022012;43459302;2
C12010004487;01022012;43459303;2
C12010004487;01022012;43459304;2
C12010004487;01022012;44469719;2
C12010004487;01022012;44469719;3
C12010004487;01022012;44469720;1
C12010004487;01022012;43502301;11
C12010004487;01022012;44469802;1
C12010004487;01022012;52116002;1
C12010004487;01022012;43501901;6
C12010004487;01022012;44469701;1
C12010004487;01022012;44469702;1
C12010004487;01022012;44469703;1
C12010004487;01022012;44469719;1
C12010004487;01022012;43460202;1
C12010004487;01022012;43460203;1
C12010004487;01022012;43381717;4
C12010004487;01022012;43381718;3
C12010004487;01022012;43381719;3
C12010004487;01022012;43381720;6
C12010004487;01022012;BR10000092;1
