C12050005824;24092012;43529404;1
C12050005824;24092012;43378001;1
C12050005824;24092012;43363201;1
C12050005824;24092012;44341901;1
C12050005824;24092012;44318501;1
C12050005824;24092012;44318502;1
C12050005824;24092012;44318503;1
C12050005824;24092012;44318504;2
C12050005824;24092012;43979001;15
C12050005824;24092012;44318601;1
C12050005824;24092012;44318602;1
C12050005824;24092012;44318603;1
C12050005824;24092012;44318604;1
C12050005824;24092012;44469801;1
C12050005824;24092012;44917601;1
C12050005824;24092012;43460203;1
C12050005824;24092012;44059110;6
C12050005824;24092012;43324417;1
C12050005824;24092012;43324418;1
C12050005824;24092012;43324419;1
C12050005824;24092012;43324420;3
C12050005824;24092012;42127404;1
C12050005824;24092012;43459301;1
C12050005824;24092012;43459302;1
C12050005824;24092012;43459303;1
C12050005824;24092012;43459304;2
C12050005824;24092012;43979215;30
C12050005824;24092012;41962801;3
C12050005824;24092012;41962802;3
C12050005824;24092012;41962803;3
C12050005824;24092012;41962804;3
C12050005824;24092012;41963001;6
C12050005824;24092012;41963002;6
C12050005824;24092012;41963003;7
C12050005824;24092012;41963004;5
