C12010005025;24012012;43979001;12
C12010005025;24012012;52116001;2
C12010005025;24012012;44064013;1
C12010005025;24012012;44064015;1
C12010005025;24012012;44064014;1
C12010005025;24012012;44064016;1
C12010005025;24012012;43913801;2
C12010005025;24012012;43913802;2
C12010005025;24012012;43913803;3
C12010005025;24012012;43913804;6
C12010005025;24012012;44059213;1
C12010005025;24012012;44059214;1
C12010005025;24012012;44059215;1
C12010005025;24012012;44059216;1
C12010005025;24012012;43381717;1
C12010005025;24012012;43381718;1
C12010005025;24012012;43381719;1
C12010005025;24012012;43381720;1
C12010005025;24012012;43866101;2
C12010005025;24012012;43866102;2
C12010005025;24012012;43866103;2
C12010005025;24012012;43866104;6
