C12030002080;19032012;52116002;1
C12030002080;19032012;43979215;20
C12030002080;19032012;43979001;10
C12030002080;19032012;44318603;3
C12030002080;19032012;43324418;1
C12030002080;19032012;43324420;1
C12030002080;19032012;43865718;8
C12030002080;19032012;41963001;4
C12030002080;19032012;43459401;1
C12030002080;19032012;43459403;2
C12030002080;19032012;42918104;3
C12030002080;19032012;42918101;3
C12030002080;19032012;43865719;8
C12030002080;19032012;43865717;9
C12030002080;19032012;43865720;6
C12030002080;19032012;43363201;1
C12030002080;19032012;41945601;1
C12030002080;19032012;43363421;1
C12030002080;19032012;41945521;1
C12030002080;19032012;42931602;1
C12030002080;19032012;42918103;3
C12030002080;19032012;43381720;4
C12030002080;19032012;43381717;1
C12030002080;19032012;42127403;1
C12030002080;19032012;43865717;1
C12030002080;19032012;44318604;1
C12030002080;19032012;44059110;1
C12030002080;19032012;43324403;1
C12030002080;19032012;43460204;1
C12030002080;19032012;43381718;1
C12030002080;19032012;43502001;30
