C12070003185;31072012;42918102;1
C12070003185;31072012;42918103;1
C12070003185;31072012;44059109;2
C12070003185;31072012;44059110;2
C12070003185;31072012;44059111;3
C12070003185;31072012;44059112;3
C12070003185;31072012;43979215;5
C12070003185;31072012;43865717;1
C12070003185;31072012;43865718;1
C12070003185;31072012;43865719;1
C12070003185;31072012;43865720;1
C12070003185;31072012;44318601;1
C12070003185;31072012;44318602;1
C12070003185;31072012;44318603;2
C12070003185;31072012;44318604;3
C12070003185;31072012;43363421;2
C12070003185;31072012;43363201;1
C12070003185;31072012;43979001;1
C12070003185;31072012;42931701;1
C12070003185;31072012;43460201;1
C12070003185;31072012;43460203;1
C12070003185;31072012;42126604;1
C12070003185;31072012;42918901;1
C12070003185;31072012;42918904;1
C12070003185;31072012;42918982;1
C12070003185;31072012;42127404;1
C12070003185;31072012;43381720;1
