C12040004736;17052012;56115001;10
C12040004736;17052012;43502001;3
C12040004736;17052012;43979215;3
C12040004736;17052012;41963003;3
C12040004736;17052012;41963004;1
C12040004736;17052012;41963002;1
C12040004736;17052012;52114502;2
C12040004736;17052012;42918101;1
C12040004736;17052012;42918102;1
C12040004736;17052012;56120401;2
C12040004736;17052012;41962803;1
C12040004736;17052012;41945521;1
C12040004736;17052012;42931602;1
C12040004736;17052012;50224901;2
C12040004736;17052012;41945601;1
C12040004736;17052012;57100101;1
C12040004736;17052012;50230120;1
C12040004736;17052012;42918901;1
C12040004736;17052012;42918903;1
C12040004736;17052012;42918904;1
C12040004736;17052012;42918982;1
C12040004736;17052012;56120401;1
