C12010006501;09022012;43502301;4
C12010006501;09022012;44035533;3
C12010006501;09022012;44035534;3
C12010006501;09022012;44035535;1
C12010006501;09022012;44035536;5
C12010006501;09022012;43913801;2
C12010006501;09022012;43913802;2
C12010006501;09022012;43913803;2
C12010006501;09022012;43913804;2
C12010006501;09022012;44064016;2
C12010006501;09022012;42918101;1
C12010006501;09022012;42918102;1
C12010006501;09022012;44059214;3
C12010006501;09022012;44059215;2
C12010006501;09022012;44059216;13
C12010006501;09022012;44036041;3
C12010006501;09022012;44036042;4
C12010006501;09022012;44036043;3
C12010006501;09022012;44036044;18
C12010006501;09022012;43866101;6
C12010006501;09022012;43866102;5
C12010006501;09022012;43866103;5
C12010006501;09022012;43866104;27
C12010006501;09022012;44059110;1
C12010006501;09022012;44059112;3
C12010006501;09022012;42918982;2
C12010006501;09022012;42918984;5
