C12040007085;17072012;44036041;9
C12040007085;17072012;44036042;9
C12040007085;17072012;44036043;9
C12040007085;17072012;44036044;13
C12040007085;17072012;42869401;3
C12040007085;17072012;44318601;6
C12040007085;17072012;44318602;6
C12040007085;17072012;44318603;6
C12040007085;17072012;44318604;7
C12040007085;17072012;43979215;8
C12040007085;17072012;43979001;2
C12040007085;17072012;44469801;1
C12040007085;17072012;44035533;1
C12040007085;17072012;44035534;1
C12040007085;17072012;44035535;1
C12040007085;17072012;44035536;1
C12040007085;17072012;42931602;1
C12040007085;17072012;44341901;1
C12040007085;17072012;44289101;1
C12040007085;17072012;44318501;1
C12040007085;17072012;44318502;1
C12040007085;17072012;44318503;1
C12040007085;17072012;44318504;1
C12040007085;17072012;42931701;1
