C12040005031;17072012;50231970;1
C12040005031;17072012;43449708;1
C12040005031;17072012;43529404;2
C12040005031;17072012;44059214;1
C12040005031;17072012;44059213;2
C12040005031;17072012;44059110;2
C12040005031;17072012;44059112;2
C12040005031;17072012;44059215;3
C12040005031;17072012;42918984;1
C12040005031;17072012;44059216;4
C12040005031;17072012;43979001;4
C12040005031;17072012;43979215;1
C12040005031;17072012;43865718;1
C12040005031;17072012;43865720;3
C12040005031;17072012;44315304;1
C12040005031;17072012;44315301;1
C12040005031;17072012;42918983;1
C12040005031;17072012;44315302;2
C12040005031;17072012;43865717;2
C12040005031;17072012;44315303;2
C12040005031;17072012;43324403;1
C12040005031;17072012;43865719;1
C12040005031;17072012;44064016;1
C12040005031;17072012;44059109;1
C12040005031;17072012;52116002;12
C12040005031;17072012;44064013;1
C12040005031;17072012;44064014;1
C12040005031;17072012;44064015;1
C12040005031;17072012;42918101;1
C12040005031;17072012;42918104;1
C12040005031;17072012;42918103;1
C12040005031;17072012;43381703;1
C12040005031;17072012;43381717;1
C12040005031;17072012;43381701;1
C12040005031;17072012;43381720;1
C12040005031;17072012;43381719;1
C12040005031;17072012;43381718;1
C12040005031;17072012;44315102;3
C12040005031;17072012;44315101;1
C12040005031;17072012;44315103;1
C12040005031;17072012;44315104;1
C12040005031;17072012;44574901;1
C12040005031;17072012;BR10000092;24
