C12070001727;31072012;43381701;2
C12070001727;31072012;43381702;2
C12070001727;31072012;43381703;2
C12070001727;31072012;43381704;5
C12070001727;31072012;43865719;1
C12070001727;31072012;42102801;4
C12070001727;31072012;43979215;1
C12070001727;31072012;43501901;2
C12070001727;31072012;43979001;1
C12070001727;31072012;42102901;11
C12070001727;31072012;43502001;8
C12070001727;31072012;43487734;1
C12070001727;31072012;43487736;1
C12070001727;31072012;43324401;3
C12070001727;31072012;43324402;3
C12070001727;31072012;43324403;4
C12070001727;31072012;43324404;4
C12070001727;31072012;43865717;13
C12070001727;31072012;43865718;13
C12070001727;31072012;43865719;13
C12070001727;31072012;43865720;13
C12070001727;31072012;BR10000092;44
