C12030010180;09042012;44059213;2
C12030010180;09042012;44059214;3
C12030010180;09042012;44059215;3
C12030010180;09042012;44059216;9
C12030010180;09042012;44318601;10
C12030010180;09042012;44318602;7
C12030010180;09042012;44318603;7
C12030010180;09042012;44318604;50
C12030010180;09042012;43979215;8
C12030010180;09042012;44059109;7
C12030010180;09042012;44059112;7
C12030010180;09042012;42102901;3
C12030010180;09042012;41963001;1
C12030010180;09042012;41963003;1
C12030010180;09042012;43979201;1
C12030010180;09042012;43449028;1
C12030010180;09042012;43866101;10
C12030010180;09042012;43866102;9
C12030010180;09042012;43866103;10
C12030010180;09042012;43866104;14
C12030010180;09042012;41963603;1
C12030010180;09042012;43381701;1
C12030010180;09042012;43381702;1
C12030010180;09042012;43381703;1
C12030010180;09042012;43381704;2
C12030010180;09042012;43913801;8
C12030010180;09042012;43913802;10
C12030010180;09042012;43913803;4
C12030010180;09042012;43913804;6
C12030010180;09042012;44035533;4
C12030010180;09042012;44035534;4
C12030010180;09042012;44035535;3
C12030010180;09042012;44035536;4
C12030010180;09042012;42869401;4
C12030010180;09042012;42102801;2
C12030010180;09042012;43979001;4
C12030010180;09042012;43979101;1
C12030010180;09042012;43502001;1
C12030010180;09042012;43460202;1
C12030010180;09042012;43460204;1
C12030010180;09042012;43459301;2
C12030010180;09042012;43459302;1
C12030010180;09042012;43459303;1
C12030010180;09042012;43459304;3
C12030010180;09042012;52116002;3
C12030010180;09042012;44064013;2
C12030010180;09042012;44064014;2
C12030010180;09042012;44064015;2
C12030010180;09042012;44064016;1
C12030010180;09042012;44036041;6
C12030010180;09042012;44036042;4
C12030010180;09042012;44036043;4
C12030010180;09042012;44036044;46
C12030010180;09042012;42918101;1
C12030010180;09042012;42918102;2
C12030010180;09042012;42918103;2
C12030010180;09042012;42918104;5
C12030010180;09042012;42918901;1
C12030010180;09042012;42918902;1
C12030010180;09042012;42918903;1
C12030010180;09042012;42918904;1
C12030010180;09042012;BR10000092;7
