C12020001316;24022012;43363421;3
C12020001316;24022012;43449708;2
C12020001316;24022012;44064016;1
C12020001316;24022012;43449026;2
C12020001316;24022012;43381717;1
C12020001316;24022012;43381718;2
C12020001316;24022012;43381719;1
C12020001316;24022012;43487733;6
C12020001316;24022012;43487734;5
C12020001316;24022012;43487735;4
C12020001316;24022012;43487736;3
C12020001316;24022012;43865717;3
C12020001316;24022012;43865718;2
C12020001316;24022012;43865719;1
C12020001316;24022012;43865720;1
C12020001316;24022012;44059216;2
C12020001316;24022012;44059215;1
C12020001316;24022012;44059213;1
C12020001316;24022012;44318601;3
C12020001316;24022012;44318602;3
C12020001316;24022012;44318603;4
C12020001316;24022012;44318604;1
C12020001316;24022012;43979001;30
C12020001316;24022012;43501901;6
C12020001316;24022012;43324417;8
C12020001316;24022012;43324419;4
C12020001316;24022012;43324420;3