C12030000703;19032012;43913804;2
C12030000703;19032012;43324420;1
C12030000703;19032012;42918103;3
C12030000703;19032012;43979215;2
C12030000703;19032012;42918984;1
C12030000703;19032012;41963002;1
C12030000703;19032012;42918102;4
C12030000703;19032012;44318501;1
C12030000703;19032012;41963001;1
C12030000703;19032012;43460204;2
C12030000703;19032012;43381720;3
C12030000703;19032012;44064016;2
C12030000703;19032012;41963004;1
C12030000703;19032012;43866102;1
C12030000703;19032012;43460203;1
C12030000703;19032012;43324419;1
C12030000703;19032012;43324418;1
C12030000703;19032012;43324420;1
C12030000703;19032012;44318603;1
C12030000703;19032012;43913801;8
C12030000703;19032012;44059111;1
C12030000703;19032012;44036044;3
C12030000703;19032012;43979001;1
C12030000703;19032012;41963003;4
C12030000703;19032012;43979201;2
C12030000703;19032012;42126604;10
C12030000703;19032012;44059213;1
C12030000703;19032012;43502001;1
C12030000703;19032012;43459301;1
C12030000703;19032012;43381718;1
