C12080002149;10082012;52116002;1
C12080002149;10082012;44064016;1
C12080002149;10082012;43381717;1
C12080002149;10082012;43381720;1
C12080002149;10082012;43381718;1
C12080002149;10082012;44059216;2
C12080002149;10082012;44318604;1
C12080002149;10082012;43865720;1
C12080002149;10082012;BR10000092;49
C12080002149;10082012;43865719;2
C12080002149;10082012;43865718;6
C12080002149;10082012;43865717;5
C12080002149;10082012;43381701;1
C12080002149;10082012;43381703;1
C12080002149;10082012;43381704;1
C12080002149;10082012;43381702;2
C12080002149;10082012;43324402;10
C12080002149;10082012;43324404;5
C12080002149;10082012;43324403;8
C12080002149;10082012;43324401;9
C12080002149;10082012;43979215;26
C12080002149;10082012;43979001;1
C12080002149;10082012;43979101;1
