C12020002398;22022012;44318503;1
C12020002398;22022012;44318501;1
C12020002398;22022012;43979206;4
C12020002398;22022012;44064015;2
C12020002398;22022012;44064016;1
C12020002398;22022012;43449708;1
C12020002398;22022012;44341901;1
C12020002398;22022012;43865720;4
C12020002398;22022012;44318604;4
C12020002398;22022012;44318602;2
C12020002398;22022012;44318601;1
C12020002398;22022012;42918983;1
C12020002398;22022012;44318504;1
C12020002398;22022012;44318502;3
C12020002398;22022012;44059216;4
C12020002398;22022012;44059214;1
C12020002398;22022012;44059215;4
C12020002398;22022012;BR10000092;1