C12050003023;29052012;43979001;19
C12050003023;29052012;43381718;2
C12050003023;29052012;43381719;2
C12050003023;29052012;43381720;1
C12050003023;29052012;43324419;2
C12050003023;29052012;43865719;1
C12050003023;29052012;43865720;3
C12050003023;29052012;43865718;1
C12050003023;29052012;43865717;1
C12050003023;29052012;43501901;24
C12050003023;29052012;43449026;1
C12050003023;29052012;43449027;2
C12050003023;29052012;43449028;2
C12050003023;29052012;44318504;1
C12050003023;29052012;44318503;1
C12050003023;29052012;44318502;1
C12050003023;29052012;44318501;1
C12050003023;29052012;43913803;1
C12050003023;29052012;43913804;1
C12050003023;29052012;43913801;1
C12050003023;29052012;43363401;1
C12050003023;29052012;44318601;22
C12050003023;29052012;44318602;22
C12050003023;29052012;44318603;22
C12050003023;29052012;44318604;22
C12050003023;29052012;44035533;1
C12050003023;29052012;43363421;1
