C12060002500;02082012;43363421;15
C12060002500;02082012;52116002;7
C12060002500;02082012;43979215;131
C12060002500;02082012;43502001;15
C12060002500;02082012;43979001;98
C12060002500;02082012;42918984;5
C12060002500;02082012;43381719;25
C12060002500;02082012;43363201;2
C12060002500;02082012;56120301;2
C12060002500;02082012;44318601;12
C12060002500;02082012;43324401;40
C12060002500;02082012;44064013;21
C12060002500;02082012;44318501;10
C12060002500;02082012;43979201;12
C12060002500;02082012;BR10000092;136
C12060002500;02082012;43865717;84
C12060002500;02082012;43363421;4
C12060002500;02082012;42931602;1
C12060002500;02082012;44059215;49
C12060002500;02082012;43460201;4
C12060002500;02082012;43460204;4
C12060002500;02082012;56123401;21
C12060002500;02082012;41962804;17
C12060002500;02082012;44341901;1
C12060002500;02082012;44469801;3
