C12050002485;24092012;43502001;1
C12050002485;24092012;44469701;1
C12050002485;24092012;43459402;1
C12050002485;24092012;43459404;1
C12050002485;24092012;44469801;1
C12050002485;24092012;43865718;1
C12050002485;24092012;43865719;1
C12050002485;24092012;43865717;1
C12050002485;24092012;43866103;1
C12050002485;24092012;43866102;1
C12050002485;24092012;43324420;2
C12050002485;24092012;52116002;6
C12050002485;24092012;43979215;10
C12050002485;24092012;43979101;7
C12050002485;24092012;42918101;1
C12050002485;24092012;42918102;1
C12050002485;24092012;42918103;1
C12050002485;24092012;42918104;2
C12050002485;24092012;43460201;1
C12050002485;24092012;43460202;1
C12050002485;24092012;43460203;2
C12050002485;24092012;43460204;3
C12050002485;24092012;44036041;2
C12050002485;24092012;44036042;2
C12050002485;24092012;44036043;2
C12050002485;24092012;44036044;2
