C12040004574;08052012;44318501;5
C12040004574;08052012;44318502;3
C12040004574;08052012;44318503;1
C12040004574;08052012;44318504;9
C12040004574;08052012;42918101;1
C12040004574;08052012;42918102;3
C12040004574;08052012;42918103;3
C12040004574;08052012;42918104;11
C12040004574;08052012;44318601;9
C12040004574;08052012;44318602;3
C12040004574;08052012;44318603;2
C12040004574;08052012;44318604;8
C12040004574;08052012;42918981;10
C12040004574;08052012;42918982;2
C12040004574;08052012;42918983;5
C12040004574;08052012;42918984;5
C12040004574;08052012;BR10000092;13
