C12050005581;20062012;43979215;73
C12050005581;20062012;43502001;15
C12050005581;20062012;42918102;1
C12050005581;20062012;43381717;1
C12050005581;20062012;43381718;1
C12050005581;20062012;43381719;1
C12050005581;20062012;43381720;1
C12050005581;20062012;43979001;17
C12050005581;20062012;43501901;17
C12050005581;20062012;43459301;1
C12050005581;20062012;43459302;1
C12050005581;20062012;43459303;2
C12050005581;20062012;43459304;2
C12050005581;20062012;42918904;1
C12050005581;20062012;43324417;2
C12050005581;20062012;43324418;2
C12050005581;20062012;43324419;3
C12050005581;20062012;43324420;4
C12050005581;20062012;50231970;4
C12050005581;20062012;50231970;1
C12050005581;20062012;43460201;1
C12050005581;20062012;52116002;88
C12050005581;20062012;BR10000092;43
