C12080006136;04092012;44064013;2
C12080006136;04092012;44064014;2
C12080006136;04092012;44064015;2
C12080006136;04092012;44064016;2
C12080006136;04092012;43460201;2
C12080006136;04092012;43460202;2
C12080006136;04092012;43460203;2
C12080006136;04092012;43460204;4
C12080006136;04092012;43979215;15
C12080006136;04092012;44059109;3
C12080006136;04092012;44059110;3
C12080006136;04092012;44059111;3
C12080006136;04092012;44059112;3
C12080006136;04092012;44318601;4
C12080006136;04092012;44318602;4
C12080006136;04092012;44318603;4
C12080006136;04092012;44318604;4
C12080006136;04092012;43865717;1
C12080006136;04092012;43865718;1
C12080006136;04092012;43865719;1
C12080006136;04092012;43865720;2
C12080006136;04092012;41963001;1
C12080006136;04092012;41963002;1
C12080006136;04092012;41963003;1
C12080006136;04092012;41963004;4
C12080006136;04092012;43502001;3
C12080006136;04092012;43979101;2
C12080006136;04092012;43459401;1
C12080006136;04092012;43459402;1
C12080006136;04092012;43459403;1
C12080006136;04092012;43459404;2
C12080006136;04092012;43979001;6
