C12060000639;31072012;44318501;1
C12060000639;31072012;44318502;1
C12060000639;31072012;44318503;1
C12060000639;31072012;44318504;1
C12060000639;31072012;43460201;2
C12060000639;31072012;43460202;2
C12060000639;31072012;43460203;2
C12060000639;31072012;43460204;3
C12060000639;31072012;44036041;1
C12060000639;31072012;44036042;1
C12060000639;31072012;44036043;1
C12060000639;31072012;44036044;2
C12060000639;31072012;44318601;6
C12060000639;31072012;44318602;6
C12060000639;31072012;44318603;6
C12060000639;31072012;44318604;8
C12060000639;31072012;42918101;3
C12060000639;31072012;42918104;2
C12060000639;31072012;43501901;3
C12060000639;31072012;42931602;1
C12060000639;31072012;43487735;1
C12060000639;31072012;42869401;2
C12060000639;31072012;43459301;1
C12060000639;31072012;43459302;1
C12060000639;31072012;43459303;1
C12060000639;31072012;43459304;1
C12060000639;31072012;42931701;1
C12060000639;31072012;43979201;1
C12060000639;31072012;43502001;7
C12060000639;31072012;44035534;1
C12060000639;31072012;44035535;1
C12060000639;31072012;42918981;5
C12060000639;31072012;42918982;2
C12060000639;31072012;42918983;2
C12060000639;31072012;42918984;3
C12060000639;31072012;44250709;1
C12060000639;31072012;44250710;1
C12060000639;31072012;44250711;1
C12060000639;31072012;44250716;1
