C12080002815;10082012;44059110;4
C12080002815;10082012;44059111;4
C12080002815;10082012;44059112;3
C12080002815;10082012;44318601;4
C12080002815;10082012;44318602;4
C12080002815;10082012;44318603;4
C12080002815;10082012;44318604;4
C12080002815;10082012;44064013;3
C12080002815;10082012;44064014;3
C12080002815;10082012;44064015;3
C12080002815;10082012;44064016;4
C12080002815;10082012;43979215;15
C12080002815;10082012;43460201;1
C12080002815;10082012;43460202;1
C12080002815;10082012;43460203;2
C12080002815;10082012;43460204;3
C12080002815;10082012;43363401;1
C12080002815;10082012;44059109;4
