C12060005355;31072012;44059109;4
C12060005355;31072012;44059110;4
C12060005355;31072012;44059111;4
C12060005355;31072012;44059112;5
C12060005355;31072012;43324401;9
C12060005355;31072012;43324402;9
C12060005355;31072012;43324403;9
C12060005355;31072012;43324404;10
C12060005355;31072012;43979215;63
C12060005355;31072012;43979101;13
C12060005355;31072012;43381701;1
C12060005355;31072012;43381702;1
C12060005355;31072012;43381703;1
C12060005355;31072012;43381704;1
C12060005355;31072012;44064013;2
C12060005355;31072012;44064014;2
C12060005355;31072012;44064015;2
C12060005355;31072012;44064016;4
C12060005355;31072012;43460201;5
C12060005355;31072012;43460202;5
C12060005355;31072012;43460203;5
C12060005355;31072012;43460204;7
C12060005355;31072012;43459301;1
C12060005355;31072012;43459302;1
C12060005355;31072012;43459303;1
C12060005355;31072012;43459304;2
C12060005355;31072012;52116002;5
