C12040003250;23042012;44036041;7
C12040003250;23042012;44036042;3
C12040003250;23042012;44036043;8
C12040003250;23042012;44036044;25
C12040003250;23042012;44035533;2
C12040003250;23042012;44035534;5
C12040003250;23042012;44035535;3
C12040003250;23042012;44035536;12
C12040003250;23042012;42869401;11
C12040003250;23042012;43913801;21
C12040003250;23042012;43913802;18
C12040003250;23042012;43913803;15
C12040003250;23042012;43913804;31
C12040003250;23042012;44318502;13
C12040003250;23042012;44318501;8
C12040003250;23042012;44318503;21
C12040003250;23042012;44318504;22
C12040003250;23042012;43866101;4
C12040003250;23042012;43866102;9
C12040003250;23042012;43866103;12
C12040003250;23042012;43866104;15
C12040003250;23042012;44318601;23
C12040003250;23042012;44318602;21
C12040003250;23042012;44318603;19
C12040003250;23042012;44318604;35
C12040003250;23042012;44059213;3
C12040003250;23042012;44059214;7
C12040003250;23042012;44059215;1
C12040003250;23042012;44059216;10
C12040003250;23042012;43979215;20
C12040003250;23042012;BR10000092;3
