C12050004348;20062012;43381701;46
C12050004348;20062012;43381702;46
C12050004348;20062012;43381703;46
C12050004348;20062012;43381704;46
C12050004348;20062012;42918104;12
C12050004348;20062012;42918103;12
C12050004348;20062012;42918102;12
C12050004348;20062012;42918101;12
C12050004348;20062012;42918981;10
C12050004348;20062012;42918982;10
C12050004348;20062012;42918983;11
C12050004348;20062012;42918984;11
C12050004348;20062012;42918901;3
C12050004348;20062012;42918902;3
C12050004348;20062012;42918903;4
C12050004348;20062012;42918904;4
C12050004348;20062012;42869401;18
C12050004348;20062012;43363421;25
C12050004348;20062012;42931602;2
C12050004348;20062012;43363201;23
C12050004348;20062012;42931701;3
C12050004348;20062012;43324401;34
C12050004348;20062012;43324402;34
C12050004348;20062012;43324403;34
C12050004348;20062012;43324404;35
