C12050000601;17052012;44064014;1
C12050000601;17052012;42918104;1
C12050000601;17052012;42918102;2
C12050000601;17052012;42918101;2
C12050000601;17052012;44059111;1
C12050000601;17052012;44059110;1
C12050000601;17052012;44059216;2
C12050000601;17052012;43979215;1
C12050000601;17052012;44318502;1
C12050000601;17052012;44318501;1
C12050000601;17052012;44318503;1
C12050000601;17052012;44318504;1
C12050000601;17052012;43381720;1
C12050000601;17052012;42918904;2
C12050000601;17052012;42918903;2
C12050000601;17052012;42918902;1
C12050000601;17052012;42918901;1
C12050000601;17052012;42869401;1
C12050000601;17052012;43979001;3
C12050000601;17052012;44059112;1
C12050000601;17052012;43324420;2
C12050000601;17052012;43324418;1
C12050000601;17052012;43324417;1
C12050000601;17052012;43459404;1
C12050000601;17052012;44318602;1
C12050000601;17052012;44318604;1
C12050000601;17052012;44318603;1
