C12090005280;24092012;44318601;43
C12090005280;24092012;44318602;43
C12090005280;24092012;44318603;43
C12090005280;24092012;44318604;43
C12090005280;24092012;44036041;20
C12090005280;24092012;44036042;20
C12090005280;24092012;44036043;20
C12090005280;24092012;44036044;20
C12090005280;24092012;44035533;8
C12090005280;24092012;44035534;9
C12090005280;24092012;44035535;9
C12090005280;24092012;44035536;9
C12090005280;24092012;43913801;14
C12090005280;24092012;43913802;14
C12090005280;24092012;43913803;14
C12090005280;24092012;43913804;14
C12090005280;24092012;42931602;15
C12090005280;24092012;42869401;12
C12090005280;24092012;44064013;1
C12090005280;24092012;44064014;1
C12090005280;24092012;44064015;1
C12090005280;24092012;44064016;2
C12090005280;24092012;42918101;1
C12090005280;24092012;42918102;1
C12090005280;24092012;42918103;1
C12090005280;24092012;42918104;2
C12090005280;24092012;43363421;5
C12090005280;24092012;44059216;1
C12090005280;24092012;44059109;13
C12090005280;24092012;44059110;13
C12090005280;24092012;44059111;14
C12090005280;24092012;44059112;14
C12090005280;24092012;43854901;1
