C12020003106;26032012;44064013;2
C12020003106;26032012;44064014;1
C12020003106;26032012;44064015;1
C12020003106;26032012;44064016;1
C12020003106;26032012;42918104;1
C12020003106;26032012;43913801;4
C12020003106;26032012;43913802;4
C12020003106;26032012;43913803;4
C12020003106;26032012;43913804;5
C12020003106;26032012;42918984;2
C12020003106;26032012;44035533;4
C12020003106;26032012;44035534;3
C12020003106;26032012;44035535;2
C12020003106;26032012;44035536;4
C12020003106;26032012;44059213;1
C12020003106;26032012;44059214;1
C12020003106;26032012;44059215;1
C12020003106;26032012;44059216;6
C12020003106;26032012;42931701;1
C12020003106;26032012;42869401;5
C12020003106;26032012;44318601;6
C12020003106;26032012;44318602;6
C12020003106;26032012;44318603;4
C12020003106;26032012;44318604;32
C12020003106;26032012;44036044;33
C12020003106;26032012;44036043;1
C12020003106;26032012;43866101;7
C12020003106;26032012;43866102;7
C12020003106;26032012;43866103;7
C12020003106;26032012;43866104;8