C12070004157;10092012;44318504;4
C12070004157;10092012;43979001;16
C12070004157;10092012;43381717;20
C12070004157;10092012;43979215;12
C12070004157;10092012;42918104;20
C12070004157;10092012;44064013;22
C12070004157;10092012;43866101;8
C12070004157;10092012;43866102;9
C12070004157;10092012;43866103;9
C12070004157;10092012;43866104;9
C12070004157;10092012;43865717;33
C12070004157;10092012;44315301;4
C12070004157;10092012;43979201;6
C12070004157;10092012;52116101;10
C12070004157;10092012;42931701;3
C12070004157;10092012;43363421;2
C12070004157;10092012;43501901;12
C12070004157;10092012;44318603;9
C12070004157;10092012;43854901;6
C12070004157;10092012;43381701;25
C12070004157;10092012;BR10000092;15
C12070004157;10092012;44315101;8
C12070004157;10092012;44059109;28
C12070004157;10092012;44318501;4
C12070004157;10092012;44318502;4
C12070004157;10092012;44318503;4
