C12070007687;06092012;43866101;22
C12070007687;06092012;43866102;22
C12070007687;06092012;43866103;22
C12070007687;06092012;43866104;21
C12070007687;06092012;44318601;18
C12070007687;06092012;44318602;18
C12070007687;06092012;44318603;18
C12070007687;06092012;44318604;19
C12070007687;06092012;43979215;42
C12070007687;06092012;44059109;2
C12070007687;06092012;44059110;2
C12070007687;06092012;44059111;2
C12070007687;06092012;44059112;2
C12070007687;06092012;44035533;1
C12070007687;06092012;44035534;1
C12070007687;06092012;44035535;2
C12070007687;06092012;44035536;2
C12070007687;06092012;44036041;27
C12070007687;06092012;44036042;27
C12070007687;06092012;44036043;27
C12070007687;06092012;44036044;27
C12070007687;06092012;43979001;10
C12070007687;06092012;50231970;12
C12070007687;06092012;42918101;1
C12070007687;06092012;42918102;1
C12070007687;06092012;42918103;1
C12070007687;06092012;42918104;1
C12070007687;06092012;43979201;12
C12070007687;06092012;43381701;4
C12070007687;06092012;43381702;4
C12070007687;06092012;43381703;5
C12070007687;06092012;43381704;5
C12070007687;06092012;52116002;18
