C12080003544;05092012;43381717;1
C12080003544;05092012;43381718;1
C12080003544;05092012;43381719;1
C12080003544;05092012;43381720;4
C12080003544;05092012;43460202;1
C12080003544;05092012;42918101;2
C12080003544;05092012;42918102;2
C12080003544;05092012;42918103;2
C12080003544;05092012;42918104;2
C12080003544;05092012;43865717;10
C12080003544;05092012;43865718;10
C12080003544;05092012;43865719;10
C12080003544;05092012;43865720;11
C12080003544;05092012;43979215;1
C12080003544;05092012;43979201;1
C12080003544;05092012;42918981;3
C12080003544;05092012;42918982;3
C12080003544;05092012;42918983;3
C12080003544;05092012;42918984;3
C12080003544;05092012;42918901;1
C12080003544;05092012;42918902;1
C12080003544;05092012;42918903;2
C12080003544;05092012;42918904;2
C12080003544;05092012;43363421;1
