C12010007230;02032012;44059213;13
C12010007230;02032012;44059214;13
C12010007230;02032012;44059215;1
C12010007230;02032012;44059109;2
C12010007230;02032012;44059216;1
C12010007230;02032012;44064016;1
C12010007230;02032012;52116002;16
C12010007230;02032012;41963004;1
C12010007230;02032012;43501901;2
C12010007230;02032012;43381719;1
C12010007230;02032012;41963001;1
C12010007230;02032012;43502001;9
C12010007230;02032012;42102901;1
C12010007230;02032012;43459403;10
C12010007230;02032012;43459402;5
C12010007230;02032012;43459404;5
C12010007230;02032012;43459401;5
C12010007230;02032012;43324417;5
C12010007230;02032012;43324418;3
C12010007230;02032012;43324419;4
C12010007230;02032012;43324420;3
C12010007230;02032012;43459301;3
C12010007230;02032012;43459304;2
C12010007230;02032012;43979001;38
C12010007230;02032012;44318601;5
C12010007230;02032012;44318602;5
C12010007230;02032012;44318603;3
C12010007230;02032012;43979215;55
C12010007230;02032012;43487733;1
C12010007230;02032012;43866104;26
C12010007230;02032012;43866101;36
C12010007230;02032012;43913801;20
C12010007230;02032012;44064015;12
C12010007230;02032012;44036044;1
C12010007230;02032012;43979101;63
C12010007230;02032012;43979201;105
