C12020003017;24022012;44064013;1
C12020003017;24022012;41963002;3
C12020003017;24022012;42918901;6
C12020003017;24022012;42918982;6
C12020003017;24022012;43979215;11
C12020003017;24022012;44059112;2
C12020003017;24022012;44059109;1
C12020003017;24022012;43979001;8
C12020003017;24022012;43502001;13
C12020003017;24022012;43459403;2
C12020003017;24022012;43324420;7
C12020003017;24022012;43381720;2
C12020003017;24022012;44318604;4
C12020003017;24022012;41945521;2
C12020003017;24022012;42931701;2
C12020003017;24022012;42869401;7
C12020003017;24022012;43866104;9
C12020003017;24022012;43866103;2
C12020003017;24022012;43913803;4
C12020003017;24022012;43449708;1
