C12080006640;04092012;43979215;13
C12080006640;04092012;44059214;6
C12080006640;04092012;42869401;3
C12080006640;04092012;42931701;1
C12080006640;04092012;44318501;1
C12080006640;04092012;42931602;1
C12080006640;04092012;41962803;1
C12080006640;04092012;44064015;1
C12080006640;04092012;43459304;1
C12080006640;04092012;43460203;1
C12080006640;04092012;44469703;1
C12080006640;04092012;BR10000092;14
C12080006640;04092012;44318601;1
C12080006640;04092012;44318602;1
C12080006640;04092012;44318603;2
C12080006640;04092012;44318604;2
C12080006640;04092012;43979001;7
