C12030008364;20042012;52116002;31
C12030008364;20042012;43979215;15
C12030008364;20042012;43866101;10
C12030008364;20042012;43866102;9
C12030008364;20042012;43866103;5
C12030008364;20042012;43866104;28
C12030008364;20042012;44318601;14
C12030008364;20042012;44318602;2
C12030008364;20042012;44318603;8
C12030008364;20042012;44318604;21
C12030008364;20042012;43979201;32
C12030008364;20042012;43979001;26
C12030008364;20042012;44318501;30
C12030008364;20042012;44318502;28
C12030008364;20042012;44318503;33
C12030008364;20042012;44318504;56
