C12010005700;09022012;42918981;5
C12010005700;09022012;42918982;5
C12010005700;09022012;42918983;6
C12010005700;09022012;42918984;65
C12010005700;09022012;42869401;8
C12010005700;09022012;44036041;4
C12010005700;09022012;44036042;4
C12010005700;09022012;44036043;5
C12010005700;09022012;44036044;60
C12010005700;09022012;44035533;4
C12010005700;09022012;44035534;5
C12010005700;09022012;44035536;7
C12010005700;09022012;44059109;7
C12010005700;09022012;44059110;7
C12010005700;09022012;44059111;8
C12010005700;09022012;44059112;8
C12010005700;09022012;44059213;16
C12010005700;09022012;44059214;10
C12010005700;09022012;44059215;10
C12010005700;09022012;44059216;9
C12010005700;09022012;43913801;19
C12010005700;09022012;43913802;8
C12010005700;09022012;43913803;10
C12010005700;09022012;43913804;10
C12010005700;09022012;43866101;11
C12010005700;09022012;43866102;12
C12010005700;09022012;43866103;13
C12010005700;09022012;43866104;10
C12010005700;09022012;43979001;22
C12010005700;09022012;43979215;15
C12010005700;09022012;52116002;4
C12010005700;09022012;43324417;3
C12010005700;09022012;43324418;3
C12010005700;09022012;43324419;2
C12010005700;09022012;43324420;6
