C12090001889;24092012;44059112;9
C12090001889;24092012;44469802;3
C12090001889;24092012;44064013;12
C12090001889;24092012;44064014;12
C12090001889;24092012;44064015;12
C12090001889;24092012;44064016;12
C12090001889;24092012;43913801;3
C12090001889;24092012;43913802;3
C12090001889;24092012;43913803;3
C12090001889;24092012;43913804;3
C12090001889;24092012;43979001;11
C12090001889;24092012;44318601;1
C12090001889;24092012;44318602;1
C12090001889;24092012;44318603;1
C12090001889;24092012;44318604;1
C12090001889;24092012;44469801;1
C12090001889;24092012;44469701;4
C12090001889;24092012;44469702;4
C12090001889;24092012;44469703;4
C12090001889;24092012;44574901;2
C12090001889;24092012;44059109;8
C12090001889;24092012;44059110;8
C12090001889;24092012;44059111;8
