C12020006890;19032012;43381717;6
C12020006890;19032012;43381718;5
C12020006890;19032012;43381719;6
C12020006890;19032012;43381720;7
C12020006890;19032012;43381701;2
C12020006890;19032012;43381702;1
C12020006890;19032012;43381703;2
C12020006890;19032012;43381704;2
C12020006890;19032012;43865717;4
C12020006890;19032012;43865718;4
C12020006890;19032012;43865720;6
C12020006890;19032012;52116002;8
C12020006890;19032012;43324401;7
C12020006890;19032012;43324402;3
C12020006890;19032012;43324403;2
C12020006890;19032012;43324404;2
C12020006890;19032012;44318602;3
C12020006890;19032012;43460204;1
C12020006890;19032012;43501901;4
C12020006890;19032012;43459301;2
C12020006890;19032012;43459302;1
C12020006890;19032012;43459303;1
C12020006890;19032012;43459304;4
C12020006890;19032012;43502301;15
C12020006890;19032012;44469721;1
C12020006890;19032012;44469802;1
C12020006890;19032012;43363421;3
C12020006890;19032012;43363201;1
