C12020000778;17022012;43449025;1
C12020000778;17022012;43449027;1
C12020000778;17022012;43377001;2
C12020000778;17022012;43979001;13
C12020000778;17022012;43501901;3
C12020000778;17022012;43381718;2
C12020000778;17022012;43381719;1
C12020000778;17022012;43381720;5
C12020000778;17022012;43460201;1
C12020000778;17022012;43460203;2
C12020000778;17022012;43460204;1
C12020000778;17022012;43502001;1
C12020000778;17022012;42102901;6
C12020000778;17022012;44318601;1
C12020000778;17022012;44318602;1
C12020000778;17022012;44318603;1
C12020000778;17022012;44318604;1
C12020000778;17022012;43487734;2
C12020000778;17022012;43487736;6
C12020000778;17022012;43979215;7
C12020000778;17022012;42127404;1