C12050001241;05062012;52114502;2
C12050001241;05062012;44064013;2
C12050001241;05062012;44064014;1
C12050001241;05062012;44064015;1
C12050001241;05062012;44064016;2
C12050001241;05062012;43381717;28
C12050001241;05062012;43381718;31
C12050001241;05062012;43381719;30
C12050001241;05062012;43381720;28
C12050001241;05062012;56115001;3
C12050001241;05062012;44318502;1
C12050001241;05062012;43363421;2
C12050001241;05062012;44036044;2
C12050001241;05062012;44036043;1
C12050001241;05062012;44036042;1
C12050001241;05062012;44036041;1
C12050001241;05062012;43979215;9
C12050001241;05062012;43979201;8
C12050001241;05062012;43979001;77
C12050001241;05062012;43865717;2
C12050001241;05062012;43865719;2
C12050001241;05062012;43865720;3
C12050001241;05062012;43363201;1
C12050001241;05062012;56120301;1
C12050001241;05062012;50230120;1
C12050001241;05062012;42102901;2
C12050001241;05062012;44318604;7
C12050001241;05062012;44318603;3
C12050001241;05062012;44318602;1
C12050001241;05062012;44318601;1
C12050001241;05062012;44059215;1
C12050001241;05062012;44318504;1
C12050001241;05062012;44318503;1
C12050001241;05062012;42102801;1
C12050001241;05062012;43501901;3
C12050001241;05062012;43502001;10
