C12010008202;09022012;44064013;1
C12010008202;09022012;44064014;1
C12010008202;09022012;44064015;1
C12010008202;09022012;44064016;1
C12010008202;09022012;42918101;1
C12010008202;09022012;42918102;1
C12010008202;09022012;42918103;1
C12010008202;09022012;42918104;5
C12010008202;09022012;43529404;1
C12010008202;09022012;42931701;2
C12010008202;09022012;42931602;2
C12010008202;09022012;43979001;8
C12010008202;09022012;43502001;2
C12010008202;09022012;43501901;1
C12010008202;09022012;43460204;1
C12010008202;09022012;42918982;1
C12010008202;09022012;42918984;2
C12010008202;09022012;43979215;1
