C12010003324;19032012;43913801;4
C12010003324;19032012;43913802;3
C12010003324;19032012;43913803;3
C12010003324;19032012;43913804;5
C12010003324;19032012;43381720;1
C12010003324;19032012;44318602;14
C12010003324;19032012;44318603;15
C12010003324;19032012;44318604;14
C12010003324;19032012;44059216;16
C12010003324;19032012;44035533;2
C12010003324;19032012;44035534;3
C12010003324;19032012;44035535;2
C12010003324;19032012;42869401;25
C12010003324;19032012;44036044;49
C12010003324;19032012;44318604;75
C12010003324;19032012;BR10000092;6
C12010003324;19032012;43913804;6
C12010003324;19032012;43913801;6
