C12080001096;06092012;52116002;26
C12080001096;06092012;43979001;4
C12080001096;06092012;44917601;1
C12080001096;06092012;43502001;31
C12080001096;06092012;42918981;1
C12080001096;06092012;42918982;1
C12080001096;06092012;42918983;1
C12080001096;06092012;42918984;1
C12080001096;06092012;BR10000092;4
C12080001096;06092012;50231970;10
C12080001096;06092012;52116002;26
C12080001096;06092012;43979001;4
C12080001096;06092012;44917601;1
C12080001096;06092012;43502001;51
C12080001096;06092012;42918981;1
C12080001096;06092012;42918982;1
C12080001096;06092012;42918983;1
C12080001096;06092012;42918984;1
C12080001096;06092012;BR10000092;4
C12080001096;06092012;44574901;5
C12080001096;06092012;50231970;1
