C12020003360;22022012;44036041;1
C12020003360;22022012;44036042;1
C12020003360;22022012;44036043;1
C12020003360;22022012;44036044;1
C12020003360;22022012;44064013;2
C12020003360;22022012;44064015;2
C12020003360;22022012;43913804;2
C12020003360;22022012;43381702;1
C12020003360;22022012;43866103;1
C12020003360;22022012;43381901;2
C12020003360;22022012;43381902;1
C12020003360;22022012;44469720;1
C12020003360;22022012;43979201;1
C12020003360;22022012;43865720;1
C12020003360;22022012;43529404;2
C12020003360;22022012;43449708;1
