C12050009145;19072012;43363201;1
C12050009145;19072012;43377001;1
C12050009145;19072012;43363421;1
C12050009145;19072012;44318504;2
C12050009145;19072012;43381717;2
C12050009145;19072012;43381718;4
C12050009145;19072012;43381719;4
C12050009145;19072012;43381720;4
C12050009145;19072012;43460201;2
C12050009145;19072012;43460202;2
C12050009145;19072012;43460203;2
C12050009145;19072012;43460204;1
C12050009145;19072012;43501901;2
C12050009145;19072012;43865717;4
C12050009145;19072012;43865718;4
C12050009145;19072012;43865719;4
C12050009145;19072012;43865720;3
C12050009145;19072012;43324401;4
C12050009145;19072012;43324402;4
C12050009145;19072012;43324403;4
C12050009145;19072012;43324404;4
C12050009145;19072012;44318601;2
C12050009145;19072012;44318602;2
C12050009145;19072012;44318603;2
C12050009145;19072012;44318604;2
C12050009145;19072012;43459301;3
C12050009145;19072012;43459302;3
C12050009145;19072012;43459303;3
C12050009145;19072012;43459304;4
C12050009145;19072012;44469719;1
C12050009145;19072012;44469720;1
C12050009145;19072012;44469721;1
C12050009145;19072012;44469801;1
C12050009145;19072012;44469802;1
C12050009145;19072012;43502301;14
C12050009145;19072012;44059216;1
