C12090002427;17092012;44472201;1
C12090002427;17092012;43363201;2
C12090002427;17092012;44472601;1
C12090002427;17092012;43363421;2
C12090002427;17092012;44494201;2
C12090002427;17092012;43381701;3
C12090002427;17092012;43381704;3
C12090002427;17092012;43381901;4
C12090002427;17092012;43381903;6
C12090002427;17092012;43381902;5
C12090002427;17092012;43324404;2
C12090002427;17092012;44469801;1
C12090002427;17092012;44469802;1
C12090002427;17092012;44469702;5
C12090002427;17092012;44469703;4
C12090002427;17092012;44469701;5
C12090002427;17092012;43459301;4
C12090002427;17092012;43459302;4
C12090002427;17092012;43459303;4
C12090002427;17092012;43459304;5
