C12010000309;24012012;44059109;6
C12010000309;24012012;44059110;10
C12010000309;24012012;44059111;5
C12010000309;24012012;44059112;8
C12010000309;24012012;43487733;1
C12010000309;24012012;43487734;1
C12010000309;24012012;43487735;1
C12010000309;24012012;43487736;1
C12010000309;24012012;44036041;1
C12010000309;24012012;44036042;3
C12010000309;24012012;44036043;1
C12010000309;24012012;44036044;2
C12010000309;24012012;42918981;4
C12010000309;24012012;42918982;5
C12010000309;24012012;42918983;5
C12010000309;24012012;42918984;5
C12010000309;24012012;41963004;21
C12010000309;24012012;43501901;3
C12010000309;24012012;52115901;1
C12010000309;24012012;52115903;1
C12010000309;24012012;43460201;1
C12010000309;24012012;43460202;1
C12010000309;24012012;43460203;1
C12010000309;24012012;43460204;2
C12010000309;24012012;44064013;3
C12010000309;24012012;44064014;3
C12010000309;24012012;44064015;3
C12010000309;24012012;44064016;3
C12010000309;24012012;42918101;3
C12010000309;24012012;42918102;1
C12010000309;24012012;42918903;3
C12010000309;24012012;42918104;2
C12010000309;24012012;52116002;115
C12010000309;24012012;52114502;5
C12010000309;24012012;43979215;90
C12010000309;24012012;42931701;1
C12010000309;24012012;43866101;1
C12010000309;24012012;43866102;1
C12010000309;24012012;43866103;1
C12010000309;24012012;43866104;1
C12010000309;24012012;43979201;112
C12010000309;24012012;43502001;30