C12080004605;21082012;43381701;5
C12080004605;21082012;43381702;5
C12080004605;21082012;43381703;5
C12080004605;21082012;43381704;7
C12080004605;21082012;43459301;7
C12080004605;21082012;43459302;7
C12080004605;21082012;43459303;7
C12080004605;21082012;43459304;5
C12080004605;21082012;43324401;5
C12080004605;21082012;43324402;5
C12080004605;21082012;43324403;5
C12080004605;21082012;43324404;7
C12080004605;21082012;43460201;5
C12080004605;21082012;43460202;5
C12080004605;21082012;43460203;7
C12080004605;21082012;43460204;7
C12080004605;21082012;44341901;1
C12080004605;21082012;42102901;1
