C12050008769;20062012;41962804;3
C12050008769;20062012;42931602;1
C12050008769;20062012;41963001;1
C12050008769;20062012;41963002;5
C12050008769;20062012;41963003;6
C12050008769;20062012;41963004;6
C12050008769;20062012;41945601;6
C12050008769;20062012;42869401;1
C12050008769;20062012;57100101;1
C12050008769;20062012;50224901;1
C12050008769;20062012;42918101;1
C12050008769;20062012;42918102;2
C12050008769;20062012;42918103;2
C12050008769;20062012;42918104;2
C12050008769;20062012;56115001;9
C12050008769;20062012;42918901;2
C12050008769;20062012;42918902;2
C12050008769;20062012;42918903;2
C12050008769;20062012;42918904;3
C12050008769;20062012;56120401;1
C12050008769;20062012;41962801;2
C12050008769;20062012;41962802;2
C12050008769;20062012;41962803;2
