C12050006553;29052012;44469720;1
C12050006553;29052012;44469719;1
C12050006553;29052012;44469721;1
C12050006553;29052012;44469703;6
C12050006553;29052012;44469702;4
C12050006553;29052012;44469701;5
C12050006553;29052012;43324404;6
C12050006553;29052012;43381901;6
C12050006553;29052012;43381903;5
C12050006553;29052012;43381902;5
C12050006553;29052012;44469802;3
C12050006553;29052012;43381701;2
C12050006553;29052012;43381702;2
C12050006553;29052012;43381703;1
C12050006553;29052012;43381704;1
C12050006553;29052012;44494201;1
C12050006553;29052012;52116002;3
