C12050004771;29052012;43979206;18
C12050004771;29052012;43979215;5
C12050004771;29052012;44064013;1
C12050004771;29052012;44064014;1
C12050004771;29052012;56123402;2
C12050004771;29052012;44318504;3
C12050004771;29052012;44318502;1
C12050004771;29052012;44318503;1
C12050004771;29052012;44318501;2
C12050004771;29052012;44318604;4
C12050004771;29052012;44318603;2
C12050004771;29052012;44318601;1
C12050004771;29052012;44574901;2
C12050004771;29052012;43865719;1
C12050004771;29052012;44059216;1
C12050004771;29052012;43979001;1
C12050004771;29052012;44289101;1
C12050004771;29052012;43979001;4
C12050004771;29052012;44315302;2
