C11100006820;08102012;41962801;1
C11100006820;08102012;41962802;2
C11100006820;08102012;41962803;1
C11100006820;08102012;41962804;1
C11100006820;08102012;44059213;2
C11100006820;08102012;44059214;2
C11100006820;08102012;44059215;2
C11100006820;08102012;44059216;3
C11100006820;08102012;43913801;1
C11100006820;08102012;44318504;1
C11100006820;08102012;44064016;1
C11100006820;08102012;41963004;2
C11100006820;08102012;43979001;1
C11100006820;08102012;43979215;3
C11100006820;08102012;43324417;2
C11100006820;08102012;43324418;2
C11100006820;08102012;43324419;2
C11100006820;08102012;43324420;3
C11100006820;08102012;44318601;2
C11100006820;08102012;44318602;2
C11100006820;08102012;44318603;2
C11100006820;08102012;44318604;1
C11100006820;08102012;43979201;1
C11100006820;08102012;43459301;1
C11100006820;08102012;43459302;1
C11100006820;08102012;43459303;1
C11100006820;08102012;43459304;1
