C12010001380;29022012;41962801;3
C12010001380;29022012;41962802;8
C12010001380;29022012;41962803;6
C12010001380;29022012;41962804;11
C12010001380;29022012;41945601;2
C12010001380;29022012;43979001;17
C12010001380;29022012;43501901;1
C12010001380;29022012;41963002;5
C12010001380;29022012;41963003;13
C12010001380;29022012;41963004;18
C12010001380;29022012;42869401;1
C12010001380;29022012;43381720;1
C12010001380;29022012;43913801;2
C12010001380;29022012;43913802;2
C12010001380;29022012;41945601;3
C12010001380;29022012;41945521;5
C12010001380;29022012;41963001;25
C12010001380;29022012;42918904;14
C12010001380;29022012;43501901;2
C12010001380;29022012;43913803;2
C12010001380;29022012;43913804;2
C12010001380;29022012;42918901;1
C12010001380;29022012;42918902;1
C12010001380;29022012;42918903;1
C12010001380;29022012;42918904;1
C12010001380;29022012;42918101;1
C12010001380;29022012;42918102;1
C12010001380;29022012;42918103;1
C12010001380;29022012;42918104;1
C12010001380;29022012;43979215;15
C12010001380;29022012;43979201;8
C12010001380;29022012;43865717;5
C12010001380;29022012;43865718;1
C12010001380;29022012;43865719;5
C12010001380;29022012;43865720;5
C12010001380;29022012;43866103;1
C12010001380;29022012;43363421;1
