C12070006109;10082012;43460201;6
C12070006109;10082012;43460202;6
C12070006109;10082012;43460203;6
C12070006109;10082012;43460204;6
C12070006109;10082012;44318601;7
C12070006109;10082012;44318602;7
C12070006109;10082012;44318603;7
C12070006109;10082012;44318604;9
C12070006109;10082012;44059109;10
C12070006109;10082012;44059110;10
C12070006109;10082012;44059111;10
C12070006109;10082012;44059112;11
C12070006109;10082012;43979201;11
C12070006109;10082012;44064013;7
C12070006109;10082012;44064014;7
C12070006109;10082012;44064015;7
C12070006109;10082012;44064016;9
C12070006109;10082012;43381701;3
C12070006109;10082012;43381702;3
C12070006109;10082012;43381703;3
C12070006109;10082012;43381704;3
C12070006109;10082012;BR10000092;5
C12070006109;10082012;43979215;3
C12070006109;10082012;43363401;2
