C12050009307;20062012;44036041;30
C12050009307;20062012;44036042;30
C12050009307;20062012;44036043;30
C12050009307;20062012;44036044;31
C12050009307;20062012;44318601;28
C12050009307;20062012;44318602;28
C12050009307;20062012;44318603;28
C12050009307;20062012;44318604;27
C12050009307;20062012;44035533;6
C12050009307;20062012;44035534;6
C12050009307;20062012;44035535;7
C12050009307;20062012;44035536;7
C12050009307;20062012;44059213;2
C12050009307;20062012;44059214;2
C12050009307;20062012;44059215;2
C12050009307;20062012;44059216;2
C12050009307;20062012;43913801;5
C12050009307;20062012;43913802;5
C12050009307;20062012;43913803;5
C12050009307;20062012;43913804;8
C12050009307;20062012;44318504;5
C12050009307;20062012;42869401;14
C12050009307;20062012;52116002;3
C12050009307;20062012;43979215;8
C12050009307;20062012;43460201;1
C12050009307;20062012;43866101;3
C12050009307;20062012;42931701;1
C12050009307;20062012;42931602;1
C12050009307;20062012;43459304;7
