C12030003648;26032012;43381701;10
C12030003648;26032012;43381702;8
C12030003648;26032012;43381703;12
C12030003648;26032012;43381704;12
C12030003648;26032012;43381717;8
C12030003648;26032012;43381718;10
C12030003648;26032012;43381719;8
C12030003648;26032012;43381720;9
C12030003648;26032012;42102801;8
C12030003648;26032012;43487735;8
C12030003648;26032012;43363201;9
C12030003648;26032012;43363421;5
C12030003648;26032012;43865717;6
C12030003648;26032012;43865718;12
C12030003648;26032012;43865719;8
C12030003648;26032012;43865720;8
C12030003648;26032012;43324401;9
C12030003648;26032012;43324402;12
C12030003648;26032012;43324403;9
C12030003648;26032012;43324404;6
