C12080002068;06092012;44059109;2
C12080002068;06092012;44059110;2
C12080002068;06092012;44059111;3
C12080002068;06092012;44059112;3
C12080002068;06092012;44059213;1
C12080002068;06092012;44059214;1
C12080002068;06092012;44059215;2
C12080002068;06092012;44059216;2
C12080002068;06092012;52116002;1
C12080002068;06092012;43979215;4
C12080002068;06092012;43449708;1
C12080002068;06092012;44064013;3
C12080002068;06092012;44064014;3
C12080002068;06092012;44064015;3
C12080002068;06092012;44064016;3
C12080002068;06092012;43449708;1
C12080002068;06092012;44064013;3
C12080002068;06092012;44064014;3
C12080002068;06092012;44064015;3
C12080002068;06092012;44064016;3
C12080002068;06092012;44059109;2
C12080002068;06092012;44059110;2
C12080002068;06092012;44059111;3
C12080002068;06092012;44059112;3
C12080002068;06092012;44059213;1
C12080002068;06092012;44059214;1
C12080002068;06092012;44059215;2
C12080002068;06092012;44059216;2
C12080002068;06092012;52116002;1
C12080002068;06092012;43979215;4
