C12070002375;31072012;52116002;89
C12070002375;31072012;43979215;40
C12070002375;31072012;43459301;15
C12070002375;31072012;43459302;14
C12070002375;31072012;43459303;15
C12070002375;31072012;43459304;12
C12070002375;31072012;44059109;14
C12070002375;31072012;44059110;12
C12070002375;31072012;44059111;14
C12070002375;31072012;44059112;11
C12070002375;31072012;43979201;86
C12070002375;31072012;44318602;3
C12070002375;31072012;44318603;5
C12070002375;31072012;44469701;9
C12070002375;31072012;44469703;8
C12070002375;31072012;43487735;5
C12070002375;31072012;43324403;4
C12070002375;31072012;44574901;6
C12070002375;31072012;43502001;114
C12070002375;31072012;44036041;4
C12070002375;31072012;44036042;8
C12070002375;31072012;44036043;5
C12070002375;31072012;44036044;5
C12070002375;31072012;43979001;29
C12070002375;31072012;43501901;8
C12070002375;31072012;52114502;5
C12070002375;31072012;41963004;5
C12070002375;31072012;41963003;3
C12070002375;31072012;41963001;4
C12070002375;31072012;42102901;2
C12070002375;31072012;BR10000092;30
C12070002375;31072012;44064015;5
C12070002375;31072012;44064016;4
C12070002375;31072012;42918101;5
C12070002375;31072012;43460204;8
C12070002375;31072012;43913802;5
C12070002375;31072012;43913803;4
C12070002375;31072012;43913804;1
C12070002375;31072012;44318504;5
C12070002375;31072012;44318502;5
C12070002375;31072012;44064013;2
C12070002375;31072012;44064014;5
