C10070003065;09042012;43324403;1
C10070003065;09042012;43381717;1
C10070003065;09042012;43381718;1
C10070003065;09042012;43381719;1
C10070003065;09042012;43381720;1
C10070003065;09042012;43979215;12
C10070003065;09042012;42918981;3
C10070003065;09042012;42918982;1
C10070003065;09042012;42918983;2
C10070003065;09042012;42918984;5
C10070003065;09042012;43449708;2
C10070003065;09042012;42918901;1
C10070003065;09042012;42918902;1
C10070003065;09042012;42918903;1
C10070003065;09042012;42918904;1
C10070003065;09042012;44318601;1
C10070003065;09042012;44318602;1
C10070003065;09042012;44318603;2
C10070003065;09042012;44318604;1
C10070003065;09042012;43866103;1
C10070003065;09042012;43866104;1
C10070003065;09042012;43913801;1
C10070003065;09042012;44059216;8
C10070003065;09042012;52116002;2
C10070003065;09042012;BR10000092;3