C12070005200;26072012;43854901;29
C12070005200;26072012;43363421;52
C12070005200;26072012;42869401;10
C12070005200;26072012;44318502;1
C12070005200;26072012;44574901;1
C12070005200;26072012;43979215;3
C12070005200;26072012;43459301;1
C12070005200;26072012;43459302;1
C12070005200;26072012;43459303;1
C12070005200;26072012;43460204;1
C12070005200;26072012;42918102;2
C12070005200;26072012;42918103;2
C12070005200;26072012;42918104;3
C12070005200;26072012;42918101;3
C12070005200;26072012;44059213;4
C12070005200;26072012;44059214;4
C12070005200;26072012;44059215;4
C12070005200;26072012;44059216;6
C12070005200;26072012;42918981;4
C12070005200;26072012;42918982;4
C12070005200;26072012;42918983;4
C12070005200;26072012;42918984;5
C12070005200;26072012;43979001;3
C12070005200;26072012;43913801;10
C12070005200;26072012;43913802;10
C12070005200;26072012;43913803;10
C12070005200;26072012;43913804;13
C12070005200;26072012;43866101;2
C12070005200;26072012;43866102;2
C12070005200;26072012;43866103;2
C12070005200;26072012;43866104;2
C12070005200;26072012;44318601;10
C12070005200;26072012;44318602;10
C12070005200;26072012;44318603;10
C12070005200;26072012;44318604;12
C12070005200;26072012;42931602;1
C12070005200;26072012;44036041;1
C12070005200;26072012;44036042;1
C12070005200;26072012;44035533;4
C12070005200;26072012;44035534;4
C12070005200;26072012;44035535;4
C12070005200;26072012;44035536;2
