C12050006120;24092012;44059109;3
C12050006120;24092012;44059110;4
C12050006120;24092012;44059111;2
C12050006120;24092012;44059112;6
C12050006120;24092012;42127401;1
C12050006120;24092012;42127402;1
C12050006120;24092012;42127403;1
C12050006120;24092012;42127404;1
C12050006120;24092012;43324417;2
C12050006120;24092012;43324418;2
C12050006120;24092012;43324419;3
C12050006120;24092012;43324420;6
C12050006120;24092012;43979001;3
C12050006120;24092012;42918901;2
C12050006120;24092012;42918902;2
C12050006120;24092012;42918903;2
C12050006120;24092012;42918904;2
C12050006120;24092012;43979215;4
C12050006120;24092012;41963602;11
C12050006120;24092012;43363421;1
C12050006120;24092012;43979201;2
C12050006120;24092012;44064013;6
C12050006120;24092012;44064014;3
C12050006120;24092012;44064015;2
C12050006120;24092012;44064016;3
C12050006120;24092012;44059213;4
C12050006120;24092012;44059214;2
C12050006120;24092012;44059215;2
C12050006120;24092012;44059216;2
C12050006120;24092012;44064013;4
