C12040005546;17052012;44289101;1
C12040005546;17052012;44318601;1
C12040005546;17052012;43865719;2
C12040005546;17052012;43865718;2
C12040005546;17052012;43865717;1
C12040005546;17052012;44318602;1
C12040005546;17052012;44059213;1
C12040005546;17052012;44059216;1
C12040005546;17052012;44064015;1
C12040005546;17052012;44064016;1
C12040005546;17052012;44064014;1
C12040005546;17052012;44064013;1
C12040005546;17052012;43381719;1
C12040005546;17052012;43381718;1
C12040005546;17052012;43381717;1
C12040005546;17052012;43381720;2
C12040005546;17052012;44318502;2
C12040005546;17052012;44318504;2
