C12070002880;19072012;44469701;2
C12070002880;19072012;44469702;2
C12070002880;19072012;44469703;2
C12070002880;19072012;44469719;3
C12070002880;19072012;44341901;1
C12070002880;19072012;44318604;2
C12070002880;19072012;43979101;4
C12070002880;19072012;43502001;1
C12070002880;19072012;44315341;1
C12070002880;19072012;44315342;2
C12070002880;19072012;44315343;1
C12070002880;19072012;44036044;1
C12070002880;19072012;44250709;3
C12070002880;19072012;44250710;3
C12070002880;19072012;44250716;2
C12070002880;19072012;44059111;6
C12070002880;19072012;44469801;1
C12070002880;19072012;44917601;7
C12070002880;19072012;44472601;1
C12070002880;19072012;50231970;1
C12070002880;19072012;44494201;1
C12070002880;19072012;44035536;1
