C12090009510;09102012;43459401;4
C12090009510;09102012;43459402;4
C12090009510;09102012;43459403;4
C12090009510;09102012;43459404;4
C12090009510;09102012;43979215;11
C12090009510;09102012;43979001;3
C12090009510;09102012;43979201;4
C12090009510;09102012;44059109;2
C12090009510;09102012;44059110;2
C12090009510;09102012;44059111;2
C12090009510;09102012;44059112;3
C12090009510;09102012;44064013;1
C12090009510;09102012;44064014;1
C12090009510;09102012;44064015;1
C12090009510;09102012;44064016;3
C12090009510;09102012;43324417;1
C12090009510;09102012;43324418;1
C12090009510;09102012;43324419;1
C12090009510;09102012;43324420;1
C12090009510;09102012;43865717;1
C12090009510;09102012;43865718;1
C12090009510;09102012;43865719;1
C12090009510;09102012;43865720;1
