C12050005409;29052012;42918104;1
C12050005409;29052012;43449026;1
C12050005409;29052012;43449027;1
C12050005409;29052012;43449025;1
C12050005409;29052012;43381758;1
C12050005409;29052012;43460204;1
C12050005409;29052012;56123402;1
C12050005409;29052012;42918902;1
C12050005409;29052012;42918903;1
C12050005409;29052012;42918904;1
C12050005409;29052012;43324467;4
C12050005409;29052012;43979001;4
C12050005409;29052012;43979201;6
C12050005409;29052012;43459301;1
C12050005409;29052012;43459302;1
C12050005409;29052012;43459303;2
C12050005409;29052012;43459304;1
C12050005409;29052012;44469719;1
C12050005409;29052012;44469802;1
C12050005409;29052012;BR10000092;16
C12050005409;29052012;43487734;1
C12050005409;29052012;43487736;2
C12050005409;29052012;43487735;2
C12050005409;29052012;43487733;1
C12050005409;29052012;42918102;2
C12050005409;29052012;42918103;2
