C12060000558;20062012;42918102;2
C12060000558;20062012;42918103;2
C12060000558;20062012;42918104;4
C12060000558;20062012;42126601;1
C12060000558;20062012;42126602;1
C12060000558;20062012;42126604;1
C12060000558;20062012;43501901;1
C12060000558;20062012;43913802;3
C12060000558;20062012;43381720;1
C12060000558;20062012;43460203;1
C12060000558;20062012;43459403;1
C12060000558;20062012;42127404;1
C12060000558;20062012;43913801;2
C12060000558;20062012;44318501;1
C12060000558;20062012;44318503;1
C12060000558;20062012;44035536;1
C12060000558;20062012;42931602;1
C12060000558;20062012;43979001;6
C12060000558;20062012;43979215;7
C12060000558;20062012;44059213;2
C12060000558;20062012;44059214;1
C12060000558;20062012;44059215;3
C12060000558;20062012;44059216;3
C12060000558;20062012;44059109;3
C12060000558;20062012;44059110;1
C12060000558;20062012;44059112;2
C12060000558;20062012;43865717;1
C12060000558;20062012;43865718;2
C12060000558;20062012;43865719;1
C12060000558;20062012;43865720;1
C12060000558;20062012;44318601;4
C12060000558;20062012;44318602;2
C12060000558;20062012;44318603;3
C12060000558;20062012;44318604;3
C12060000558;20062012;43866101;1
C12060000558;20062012;43866104;1
C12060000558;20062012;44036041;1
C12060000558;20062012;44036042;2
C12060000558;20062012;44064013;1
C12060000558;20062012;44064014;1
C12060000558;20062012;44064015;1
C12060000558;20062012;44064016;1
C12060000558;20062012;42918901;2
C12060000558;20062012;42918902;1
C12060000558;20062012;42918983;4
C12060000558;20062012;42918981;2
C12060000558;20062012;42918982;2
C12060000558;20062012;42918984;2
