C12090009430;09102012;44059109;6
C12090009430;09102012;44059110;6
C12090009430;09102012;44059111;6
C12090009430;09102012;44059112;6
C12090009430;09102012;43979001;3
C12090009430;09102012;43913801;2
C12090009430;09102012;43913802;2
C12090009430;09102012;43913803;2
C12090009430;09102012;43913804;1
C12090009430;09102012;41962803;1
C12090009430;09102012;44064013;2
C12090009430;09102012;44064014;2
C12090009430;09102012;44064015;3
C12090009430;09102012;44064016;3
C12090009430;09102012;43865717;1
C12090009430;09102012;43865718;1
C12090009430;09102012;43865719;1
C12090009430;09102012;43865720;1
C12090009430;09102012;43866101;1
C12090009430;09102012;43866102;1
C12090009430;09102012;43866103;1
C12090009430;09102012;43866104;1
C12090009430;09102012;44318601;3
C12090009430;09102012;44318602;3
C12090009430;09102012;44318603;3
C12090009430;09102012;44318604;3
C12090009430;09102012;43381720;1
C12090009430;09102012;44318501;1
C12090009430;09102012;44318502;1
C12090009430;09102012;44318503;1
C12090009430;09102012;44318504;1
C12090009430;09102012;43460201;1
C12090009430;09102012;43460202;1
C12090009430;09102012;43460203;1
C12090009430;09102012;43460204;1
C12090009430;09102012;43363421;1
C12090009430;09102012;41963001;1
C12090009430;09102012;41963002;1
C12090009430;09102012;41963003;1
C12090009430;09102012;41963004;1
