C12010000732;24012012;43449708;2
C12010000732;24012012;43979201;4
C12010000732;24012012;44059112;1
C12010000732;24012012;44059214;5
C12010000732;24012012;44059215;3
C12010000732;24012012;44059216;14
C12010000732;24012012;44064016;2
C12010000732;24012012;44318502;4
C12010000732;24012012;44318503;1
C12010000732;24012012;44318504;4
C12010000732;24012012;52116002;2
C12010000732;24012012;44318601;5
C12010000732;24012012;44318602;6
C12010000732;24012012;44318603;6
C12010000732;24012012;44318604;11
C12010000732;24012012;43529404;2
C12010000732;24012012;44469701;1
C12010000732;24012012;44469702;1
C12010000732;24012012;44469703;1
C12010000732;24012012;43979215;25
C12010000732;24012012;44341901;1
C12010000732;24012012;43979001;12
C12010000732;24012012;44469801;2