C12030003567;02042012;42869401;2
C12030003567;02042012;42931701;5
C12030003567;02042012;44059109;3
C12030003567;02042012;44059110;7
C12030003567;02042012;44059111;2
C12030003567;02042012;44059112;7
C12030003567;02042012;42918901;1
C12030003567;02042012;42918902;5
C12030003567;02042012;42918903;5
C12030003567;02042012;42918904;5
C12030003567;02042012;42918101;2
C12030003567;02042012;42918102;8
C12030003567;02042012;42918103;5
C12030003567;02042012;42918104;3
C12030003567;02042012;44064013;7
C12030003567;02042012;44064014;5
C12030003567;02042012;44064015;1
C12030003567;02042012;44064016;9
C12030003567;02042012;43866101;10
C12030003567;02042012;43866102;4
C12030003567;02042012;43866103;1
C12030003567;02042012;43866104;5
C12030003567;02042012;41962802;5
C12030003567;02042012;41963001;20
C12030003567;02042012;41963002;2
C12030003567;02042012;41963003;3
C12030003567;02042012;41963004;5
C12030003567;02042012;44059213;12
C12030003567;02042012;44059214;5
C12030003567;02042012;44059215;9
C12030003567;02042012;44059216;11
C12030003567;02042012;43502001;13
