C12070006958;01082012;43324401;6
C12070006958;01082012;43324402;6
C12070006958;01082012;43324403;6
C12070006958;01082012;43324404;8
C12070006958;01082012;44059213;2
C12070006958;01082012;44059214;2
C12070006958;01082012;44059215;2
C12070006958;01082012;44059216;2
C12070006958;01082012;43460201;1
C12070006958;01082012;43460202;1
C12070006958;01082012;43460203;1
C12070006958;01082012;43460204;6
C12070006958;01082012;42918101;2
C12070006958;01082012;42918102;2
C12070006958;01082012;42918103;2
C12070006958;01082012;42918104;2
C12070006958;01082012;43381701;2
C12070006958;01082012;43381702;2
C12070006958;01082012;43381703;2
C12070006958;01082012;43381704;4
C12070006958;01082012;43979215;23
