C12030004105;02042012;44469701;1
C12030004105;02042012;44469720;7
C12030004105;02042012;43459304;3
C12030004105;02042012;43979215;5
C12030004105;02042012;43913801;4
C12030004105;02042012;43913803;2
C12030004105;02042012;43913804;6
C12030004105;02042012;42918102;8
C12030004105;02042012;42918103;3
C12030004105;02042012;42918104;1
C12030004105;02042012;42918901;2
C12030004105;02042012;42918902;2
C12030004105;02042012;42918903;8
C12030004105;02042012;42918904;4
C12030004105;02042012;44035536;4
C12030004105;02042012;42126604;4
C12030004105;02042012;44318502;2
C12030004105;02042012;44318503;6
C12030004105;02042012;44036042;7
C12030004105;02042012;44036044;1
C12030004105;02042012;41962803;3
C12030004105;02042012;44318601;5
C12030004105;02042012;44318602;3
C12030004105;02042012;44318603;5
C12030004105;02042012;44318604;7
C12030004105;02042012;43866101;1
C12030004105;02042012;43866102;4
C12030004105;02042012;43866104;4
C12030004105;02042012;41963001;3
C12030004105;02042012;41963002;5
C12030004105;02042012;41963003;2
C12030004105;02042012;41963004;6
C12030004105;02042012;43324417;1
C12030004105;02042012;43324418;3
C12030004105;02042012;43324419;8
C12030004105;02042012;43324420;4
C12030004105;02042012;BR10000092;6
