C12100009780;19112012;44574301;1
C12100009780;19112012;44318503;1
C12100009780;19112012;44318601;1
C12100009780;19112012;44318602;1
C12100009780;19112012;44318603;1
C12100009780;19112012;44318604;1
C12100009780;19112012;44059109;1
C12100009780;19112012;44059110;1
C12100009780;19112012;44059111;1
C12100009780;19112012;43459301;1
C12100009780;19112012;43459302;1
C12100009780;19112012;43459303;1
C12100009780;19112012;43459304;1
C12100009780;19112012;44064013;1
C12100009780;19112012;42918101;1
C12100009780;19112012;42918981;1
C12100009780;19112012;BR10000092;1
