C12100010109;19112012;44036041;2
C12100010109;19112012;44036042;1
C12100010109;19112012;44036043;1
C12100010109;19112012;44036044;1
C12100010109;19112012;42918981;3
C12100010109;19112012;42918982;1
C12100010109;19112012;42918983;1
C12100010109;19112012;42918984;1
C12100010109;19112012;44059110;2
C12100010109;19112012;44059111;2
C12100010109;19112012;44059112;1
C12100010109;19112012;43459302;1
C12100010109;19112012;43459303;1
C12100010109;19112012;43459304;1
C12100010109;19112012;43460202;1
C12100010109;19112012;43460203;1
C12100010109;19112012;43460204;1
C12100010109;19112012;44059109;1
C12100010109;19112012;43979201;1
C12100010109;19112012;44064013;1
C12100010109;19112012;44064014;1
C12100010109;19112012;44064016;1
C12100010109;19112012;43449708;1
C12100010109;19112012;43529404;1
C12100010109;19112012;42967302;1
C12100010109;19112012;43378001;1
C12100010109;19112012;BR10000092;4
