C12120003205;17012013;43363421;4
C12120003205;17012013;43529404;2
C12120003205;17012013;43363201;1
C12120003205;17012013;42931602;2
C12120003205;17012013;44036041;26
C12120003205;17012013;44036042;25
C12120003205;17012013;44036043;26
C12120003205;17012013;44036044;26
C12120003205;17012013;44318601;18
C12120003205;17012013;44318602;19
C12120003205;17012013;44318603;18
C12120003205;17012013;44318604;19
C12120003205;17012013;43913801;3
C12120003205;17012013;43913802;3
C12120003205;17012013;43913803;4
C12120003205;17012013;43913804;4
C12120003205;17012013;42918104;2
C12120003205;17012013;43979215;2
C12120003205;17012013;44059213;1
C12120003205;17012013;44059214;1
C12120003205;17012013;44059215;1
C12120003205;17012013;44059216;2
C12120003205;17012013;44035533;3
C12120003205;17012013;44035534;2
C12120003205;17012013;44035535;3
C12120003205;17012013;44035536;3
C12120003205;17012013;42869401;9
C12120003205;17012013;42918981;1
C12120003205;17012013;42918982;1
C12120003205;17012013;42918983;1
C12120003205;17012013;42918984;1
C12120003205;17012013;BR10000092;12
