C12120005097;01022013;44469801;2
C12120005097;01022013;44494201;3
C12120005097;01022013;43324401;2
C12120005097;01022013;43324402;2
C12120005097;01022013;43324403;2
C12120005097;01022013;43324404;3
C12120005097;01022013;43865717;1
C12120005097;01022013;43865718;1
C12120005097;01022013;43865719;1
C12120005097;01022013;43865720;1
C12120005097;01022013;52116002;3
C12120005097;01022013;44064013;1
C12120005097;01022013;44064014;1
C12120005097;01022013;44064015;1
C12120005097;01022013;44064016;1
C12120005097;01022013;42918101;1
C12120005097;01022013;42918102;1
C12120005097;01022013;42918103;1
C12120005097;01022013;42918104;1
C12120005097;01022013;43979215;3
C12120005097;01022013;43979001;5
