C12110003601;19112012;44036041;38
C12110003601;19112012;44036042;38
C12110003601;19112012;44036043;38
C12110003601;19112012;44036044;39
C12110003601;19112012;44035533;5
C12110003601;19112012;44035534;5
C12110003601;19112012;44035535;5
C12110003601;19112012;44035536;6
C12110003601;19112012;44059213;5
C12110003601;19112012;44059214;5
C12110003601;19112012;44059215;6
C12110003601;19112012;44059216;6
C12110003601;19112012;43449708;1
C12110003601;19112012;52116002;2
C12110003601;19112012;42918981;1
C12110003601;19112012;42918101;1
C12110003601;19112012;43979215;5
C12110003601;19112012;43979001;3
C12110003601;19112012;44318601;48
C12110003601;19112012;44318602;48
C12110003601;19112012;44318603;48
C12110003601;19112012;44318604;48
C12110003601;19112012;42931701;1
C12110003601;19112012;42869401;7
C12110003601;19112012;43381717;1
C12110003601;19112012;43381718;1
C12110003601;19112012;43381719;1
C12110003601;19112012;43381720;1
C12110003601;19112012;43363421;2
C12110003601;19112012;43913801;6
C12110003601;19112012;43913802;6
C12110003601;19112012;43913803;6
C12110003601;19112012;43913804;6
C12110003601;19112012;44318501;7
C12110003601;19112012;44318502;7
C12110003601;19112012;44318503;7
C12110003601;19112012;44318504;8
C12110003601;19112012;44064013;1
C12110003601;19112012;44064014;1
C12110003601;19112012;44289101;1
C12110003601;19112012;BR10000092;11
C12110003601;19112012;42931602;2
