C12100011253;19112012;43979001;56
C12100011253;19112012;43501901;21
C12100011253;19112012;42102801;8
C12100011253;19112012;43502001;176
C12100011253;19112012;43979215;158
C12100011253;19112012;44318503;3
C12100011253;19112012;44318504;2
C12100011253;19112012;43460202;2
C12100011253;19112012;43460203;3
C12100011253;19112012;43460204;1
C12100011253;19112012;42102901;43
C12100011253;19112012;43913802;1
C12100011253;19112012;43913804;1
C12100011253;19112012;43979206;6
C12100011253;19112012;42103001;10
C12100011253;19112012;41945521;20
C12100011253;19112012;43487734;1
C12100011253;19112012;43487735;1
C12100011253;19112012;43487736;1
C12100011253;19112012;43324418;1
C12100011253;19112012;43449028;1
C12100011253;19112012;44494201;1
C12100011253;19112012;43459301;20
C12100011253;19112012;43459302;20
C12100011253;19112012;43459303;20
C12100011253;19112012;43459304;20
C12100011253;19112012;43979201;238
C12100011253;19112012;44318601;4
C12100011253;19112012;44318602;4
C12100011253;19112012;44318603;6
C12100011253;19112012;44318604;12
C12100011253;19112012;44059109;30
C12100011253;19112012;44059110;30
C12100011253;19112012;44059111;30
C12100011253;19112012;44059112;21
C12100011253;19112012;44917601;30
C12100011253;19112012;44469801;3
C12100011253;19112012;44574901;10
C12100011253;19112012;42102901;1
C12100011253;19112012;44469701;1
C12100011253;19112012;44469702;1
C12100011253;19112012;44469703;1
C12100011253;19112012;44469802;1
C12100011253;19112012;52116002;24
C12100011253;19112012;42918901;8
C12100011253;19112012;44315301;3
C12100011253;19112012;42918101;1
C12100011253;19112012;42918102;1
C12100011253;19112012;42918103;1
C12100011253;19112012;42918104;1
C12100011253;19112012;43979101;18
C12100011253;19112012;44064013;3
C12100011253;19112012;44064014;2
C12100011253;19112012;44064015;2
C12100011253;19112012;44064016;2
C12100011253;19112012;42869401;3
C12100011253;19112012;BR10000092;104
