C12110003199;19112012;44035533;2
C12110003199;19112012;44035534;2
C12110003199;19112012;44035535;2
C12110003199;19112012;44035536;2
C12110003199;19112012;42869401;3
C12110003199;19112012;44036041;3
C12110003199;19112012;44036042;4
C12110003199;19112012;44036043;4
C12110003199;19112012;44036044;4
C12110003199;19112012;44064013;1
C12110003199;19112012;44064014;1
C12110003199;19112012;44064015;1
C12110003199;19112012;44064016;2
C12110003199;19112012;43979001;10
C12110003199;19112012;43979215;15
C12110003199;19112012;52116002;3
C12110003199;19112012;44318601;1
C12110003199;19112012;44318602;2
C12110003199;19112012;44318603;2
C12110003199;19112012;44318604;2
C12110003199;19112012;44574901;3
C12110003199;19112012;44574301;1
C12110003199;19112012;44469801;2
C12110003199;19112012;43459301;1
C12110003199;19112012;43459302;1
