C12100006250;19112012;44574301;9
C12100006250;19112012;43979215;9
C12100006250;19112012;44574901;7
C12100006250;19112012;44917601;6
C12100006250;19112012;44341901;2
C12100006250;19112012;44318501;4
C12100006250;19112012;44318502;4
C12100006250;19112012;44318503;4
C12100006250;19112012;44318504;3
C12100006250;19112012;43979001;7
C12100006250;19112012;44315301;1
C12100006250;19112012;44315302;2
C12100006250;19112012;44315303;2
C12100006250;19112012;44315304;2
C12100006250;19112012;44064013;2
C12100006250;19112012;44064014;2
C12100006250;19112012;44064015;3
C12100006250;19112012;44064016;3
C12100006250;19112012;43381717;1
C12100006250;19112012;52116002;1
C12100006250;19112012;44318601;1
C12100006250;19112012;44318602;1
C12100006250;19112012;44318603;2
C12100006250;19112012;44318604;2
C12100006250;19112012;44059213;9
C12100006250;19112012;44059214;9
C12100006250;19112012;44059215;8
C12100006250;19112012;44059216;8
C12100006250;19112012;BR10000092;3
