C12100000642;09102012;43979001;27
C12100000642;09102012;43324417;1
C12100000642;09102012;43324418;1
C12100000642;09102012;43324419;1
C12100000642;09102012;43324420;2
C12100000642;09102012;43913801;1
C12100000642;09102012;43913802;1
C12100000642;09102012;43913803;1
C12100000642;09102012;43913804;1
C12100000642;09102012;42918981;1
C12100000642;09102012;42918982;1
C12100000642;09102012;42918983;1
C12100000642;09102012;42918984;1
C12100000642;09102012;44318601;1
C12100000642;09102012;44318602;1
C12100000642;09102012;44318603;1
C12100000642;09102012;44318604;1
C12100000642;09102012;42127402;1
C12100000642;09102012;43979215;12
C12100000642;09102012;42918101;1
C12100000642;09102012;42918102;1
C12100000642;09102012;42918103;1
C12100000642;09102012;42918104;1
C12100000642;09102012;43459401;1
C12100000642;09102012;43459402;1
C12100000642;09102012;43459403;1
C12100000642;09102012;43459404;1
C12100000642;09102012;43381717;1
C12100000642;09102012;43381718;1
C12100000642;09102012;43381719;1
C12100000642;09102012;43381720;1
C12100000642;09102012;43979201;5
