C12120004104;01022013;44036041;6
C12120004104;01022013;44036042;6
C12120004104;01022013;44036043;5
C12120004104;01022013;44036044;6
C12120004104;01022013;44035533;2
C12120004104;01022013;44035534;2
C12120004104;01022013;44035535;2
C12120004104;01022013;44035536;3
C12120004104;01022013;44469801;8
C12120004104;01022013;44494201;2
C12120004104;01022013;43324401;7
C12120004104;01022013;43324402;8
C12120004104;01022013;43324403;8
C12120004104;01022013;43324404;9
C12120004104;01022013;43865717;5
C12120004104;01022013;43865718;5
C12120004104;01022013;43865719;5
C12120004104;01022013;43865720;6
C12120004104;01022013;52116002;14
C12120004104;01022013;44064013;8
C12120004104;01022013;44064014;8
C12120004104;01022013;44064015;8
C12120004104;01022013;44064016;9
C12120004104;01022013;42918101;6
C12120004104;01022013;42918102;6
C12120004104;01022013;42918103;4
C12120004104;01022013;42918104;4
C12120004104;01022013;43979001;22
C12120004104;01022013;43979215;8
C12120004104;01022013;44574901;9
C12120004104;01022013;44469701;1
C12120004104;01022013;44469702;1
C12120004104;01022013;44469703;1
C12120004104;01022013;44469801;1
