C12120000885;01032013;43324401;3
C12120000885;01032013;43324402;3
C12120000885;01032013;43324403;3
C12120000885;01032013;43324404;3
C12120000885;01032013;BR10000092;9
C12120000885;01032013;43979001;11
C12120000885;01032013;43363201;2
C12120000885;01032013;43979101;7
C12120000885;01032013;44059213;2
C12120000885;01032013;44059214;2
C12120000885;01032013;44059215;2
C12120000885;01032013;44059216;5
C12120000885;01032013;44318601;1
C12120000885;01032013;44318602;2
C12120000885;01032013;44318603;3
C12120000885;01032013;44318604;3
