C12110005485;04122012;44059109;3
C12110005485;04122012;44059110;3
C12110005485;04122012;44059111;4
C12110005485;04122012;44059112;4
C12110005485;04122012;44064013;1
C12110005485;04122012;44064014;1
C12110005485;04122012;44064015;1
C12110005485;04122012;44064016;1
C12110005485;04122012;43913801;2
C12110005485;04122012;43913802;2
C12110005485;04122012;43913803;2
C12110005485;04122012;43913804;2
C12110005485;04122012;43979001;4
C12110005485;04122012;43460204;1
C12110005485;04122012;41963001;1
C12110005485;04122012;41963002;1
C12110005485;04122012;41963003;1
C12110005485;04122012;43865717;1
C12110005485;04122012;43865718;1
C12110005485;04122012;43865719;1
C12110005485;04122012;43865720;2
C12110005485;04122012;44036041;1
C12110005485;04122012;44036042;1
C12110005485;04122012;43866101;1
C12110005485;04122012;43866102;1
C12110005485;04122012;43866103;1
C12110005485;04122012;43866104;1
C12110005485;04122012;44318601;2
C12110005485;04122012;44318602;2
C12110005485;04122012;44318603;2
C12110005485;04122012;44318604;3
C12110005485;04122012;43381717;1
C12110005485;04122012;43381718;1
C12110005485;04122012;41962804;1
C12110005485;04122012;BR10000092;26
C12110005485;04122012;41945521;1
C12110005485;04122012;41945601;1
