C12120006654;01022013;43381717;3
C12120006654;01022013;43381718;3
C12120006654;01022013;43381719;3
C12120006654;01022013;43381720;3
C12120006654;01022013;43865717;4
C12120006654;01022013;43865718;4
C12120006654;01022013;43865719;4
C12120006654;01022013;43865720;6
C12120006654;01022013;43979001;15
C12120006654;01022013;44059213;2
C12120006654;01022013;44059214;2
C12120006654;01022013;44059215;2
C12120006654;01022013;44059216;3
C12120006654;01022013;44318601;3
C12120006654;01022013;44318602;3
C12120006654;01022013;44318603;3
C12120006654;01022013;44318604;2
C12120006654;01022013;41963001;2
C12120006654;01022013;41963002;2
C12120006654;01022013;41963003;2
C12120006654;01022013;41963004;2
C12120006654;01022013;44064013;2
C12120006654;01022013;44064014;2
C12120006654;01022013;44064015;2
C12120006654;01022013;44064016;2
C12120006654;01022013;44059109;1
C12120006654;01022013;44059110;1
C12120006654;01022013;44059111;1
C12120006654;01022013;44059112;1
C12120006654;01022013;43529404;1
C12120006654;01022013;43449708;2
C12120006654;01022013;43363421;1
