C12120000290;09012013;44318603;3
C12120000290;09012013;44318604;4
C12120000290;09012013;44064013;3
C12120000290;09012013;44064014;4
C12120000290;09012013;44064015;4
C12120000290;09012013;44064016;4
C12120000290;09012013;43459301;4
C12120000290;09012013;43459302;4
C12120000290;09012013;43459303;4
C12120000290;09012013;43459304;4
C12120000290;09012013;44469801;6
C12120000290;09012013;44494201;1
C12120000290;09012013;43324401;1
C12120000290;09012013;43324402;1
C12120000290;09012013;43324403;1
C12120000290;09012013;43324404;1
C12120000290;09012013;44059109;8
C12120000290;09012013;44059110;8
C12120000290;09012013;44059111;9
C12120000290;09012013;44059112;9
C12120000290;09012013;43979001;13
C12120000290;09012013;44318601;3
C12120000290;09012013;44318602;3
