C12120000370;17012013;43502001;142
C12120000370;17012013;43979201;106
C12120000370;17012013;43979215;40
C12120000370;17012013;43979001;45
C12120000370;17012013;44469801;12
C12120000370;17012013;44469701;3
C12120000370;17012013;44469702;3
C12120000370;17012013;44469703;3
C12120000370;17012013;44469802;3
C12120000370;17012013;44315341;3
C12120000370;17012013;44315342;3
C12120000370;17012013;44315343;3
C12120000370;17012013;44315344;5
C12120000370;17012013;44059109;6
C12120000370;17012013;44059110;6
C12120000370;17012013;44059111;6
C12120000370;17012013;44059112;11
C12120000370;17012013;44036041;7
C12120000370;17012013;44036042;7
C12120000370;17012013;44036043;7
C12120000370;17012013;44036044;8
C12120000370;17012013;43324417;4
C12120000370;17012013;43324418;4
C12120000370;17012013;43324419;4
C12120000370;17012013;43324420;6
C12120000370;17012013;44574301;3
C12120000370;17012013;52116002;30
C12120000370;17012013;44035533;2
C12120000370;17012013;44035534;2
C12120000370;17012013;44035535;2
C12120000370;17012013;44035536;2
C12120000370;17012013;44318601;4
C12120000370;17012013;44318602;4
C12120000370;17012013;44318603;4
C12120000370;17012013;44318604;6
C12120000370;17012013;43460201;2
C12120000370;17012013;43460202;2
C12120000370;17012013;43460203;2
C12120000370;17012013;43460204;2
C12120000370;17012013;44574901;19
C12120000370;17012013;41962801;1
C12120000370;17012013;41962802;1
C12120000370;17012013;41962803;1
C12120000370;17012013;41962804;1
C12120000370;17012013;43459301;3
C12120000370;17012013;43459302;4
C12120000370;17012013;43459303;4
C12120000370;17012013;43459304;4
C12120000370;17012013;44917601;30
