C12100008201;19112012;43363421;1
C12100008201;19112012;44059109;3
C12100008201;19112012;44059110;3
C12100008201;19112012;44059111;3
C12100008201;19112012;44059112;2
C12100008201;19112012;42918902;1
C12100008201;19112012;43913801;1
C12100008201;19112012;43865717;10
C12100008201;19112012;43865718;10
C12100008201;19112012;43865719;10
C12100008201;19112012;43865720;4
C12100008201;19112012;44064013;1
C12100008201;19112012;44064014;1
C12100008201;19112012;42918101;2
C12100008201;19112012;43381717;2
C12100008201;19112012;43381718;2
C12100008201;19112012;43381719;2
C12100008201;19112012;43381720;4
C12100008201;19112012;44318601;2
C12100008201;19112012;44318602;2
C12100008201;19112012;44318603;2
C12100008201;19112012;44318604;1
C12100008201;19112012;43979001;3
C12100008201;19112012;42931701;1
C12100008201;19112012;BR10000092;1
