C12110001650;19112012;43487733;1
C12110001650;19112012;43487734;1
C12110001650;19112012;43487735;1
C12110001650;19112012;43865717;15
C12110001650;19112012;43865718;15
C12110001650;19112012;43865719;17
C12110001650;19112012;43865720;17
C12110001650;19112012;43363421;4
C12110001650;19112012;43381717;17
C12110001650;19112012;43381718;17
C12110001650;19112012;43381719;18
C12110001650;19112012;43381720;18
C12110001650;19112012;43979001;3
C12110001650;19112012;BR10000092;96
C12110001650;19112012;43363201;7
C12110001650;19112012;43324401;13
C12110001650;19112012;43324402;13
C12110001650;19112012;43324403;13
C12110001650;19112012;43324404;13
C12110001650;19112012;42102901;3
