C12100005369;19112012;44036041;12
C12100005369;19112012;44036042;12
C12100005369;19112012;44036043;12
C12100005369;19112012;44036044;12
C12100005369;19112012;42918981;3
C12100005369;19112012;42918982;3
C12100005369;19112012;42918983;3
C12100005369;19112012;42918984;3
C12100005369;19112012;43979001;10
C12100005369;19112012;43979215;15
C12100005369;19112012;43501901;4
C12100005369;19112012;52117101;21
C12100005369;19112012;43913801;1
C12100005369;19112012;43913802;1
C12100005369;19112012;43913803;1
C12100005369;19112012;43913804;2
C12100005369;19112012;44318601;2
C12100005369;19112012;44318602;2
C12100005369;19112012;44318603;2
C12100005369;19112012;44318604;3
C12100005369;19112012;44318501;1
C12100005369;19112012;44318502;1
C12100005369;19112012;44318503;1
C12100005369;19112012;44318504;1
C12100005369;19112012;44574901;4
C12100005369;19112012;42918101;3
C12100005369;19112012;42918102;3
C12100005369;19112012;42918103;3
C12100005369;19112012;42918104;3
C12100005369;19112012;43363201;1
C12100005369;19112012;44035533;1
C12100005369;19112012;44035534;1
C12100005369;19112012;44035535;2
C12100005369;19112012;44035536;2
C12100005369;19112012;44059213;3
C12100005369;19112012;44059214;3
C12100005369;19112012;44059215;3
C12100005369;19112012;44059216;3
C12100005369;19112012;43865717;2
C12100005369;19112012;43865718;2
C12100005369;19112012;43865719;2
C12100005369;19112012;43865720;4
C12100005369;19112012;44574301;5
C12100005369;19112012;42126601;1
C12100005369;19112012;42126602;1
C12100005369;19112012;42126603;1
C12100005369;19112012;42126604;2
C12100005369;19112012;42869401;8
C12100005369;19112012;43459301;1
C12100005369;19112012;43459302;1
C12100005369;19112012;43459303;2
C12100005369;19112012;43459304;2
C12100005369;19112012;44469701;1
C12100005369;19112012;44469702;1
C12100005369;19112012;44469703;1
C12100005369;19112012;44469802;1
C12100005369;19112012;43381717;1
C12100005369;19112012;43381718;1
C12100005369;19112012;43381719;1
C12100005369;19112012;43324417;3
C12100005369;19112012;43324418;4
C12100005369;19112012;43324419;4
C12100005369;19112012;43324420;4
C12100005369;19112012;43854901;1
C12100005369;19112012;42931602;1
