C12110006023;09012013;42918101;1
C12110006023;09012013;42918102;1
C12110006023;09012013;42918104;1
C12110006023;09012013;44036041;1
C12110006023;09012013;44036042;1
C12110006023;09012013;44036043;1
C12110006023;09012013;43381718;1
C12110006023;09012013;43381719;1
C12110006023;09012013;43324417;1
C12110006023;09012013;43324418;1
C12110006023;09012013;42918981;1
C12110006023;09012013;42918982;1
C12110006023;09012013;42918983;1
C12110006023;09012013;42918984;1
C12110006023;09012013;43459301;1
C12110006023;09012013;43459302;1
