C12100008708;19112012;44064013;2
C12100008708;19112012;44064014;2
C12100008708;19112012;44064015;3
C12100008708;19112012;44064016;3
C12100008708;19112012;44059213;5
C12100008708;19112012;44059214;5
C12100008708;19112012;44059215;5
C12100008708;19112012;44059216;4
C12100008708;19112012;43460201;1
C12100008708;19112012;43460202;1
C12100008708;19112012;43979201;2
C12100008708;19112012;43459301;1
C12100008708;19112012;43459302;1
C12100008708;19112012;50231970;1
C12100008708;19112012;43979001;2
C12100008708;19112012;42931701;1
