C12120004953;01022013;43381717;3
C12120004953;01022013;43381718;3
C12120004953;01022013;43381719;3
C12120004953;01022013;43381720;3
C12120004953;01022013;44318501;2
C12120004953;01022013;44318502;2
C12120004953;01022013;44318503;2
C12120004953;01022013;44318504;7
C12120004953;01022013;42918101;1
C12120004953;01022013;42918102;1
C12120004953;01022013;42918103;2
C12120004953;01022013;42918104;2
C12120004953;01022013;43979001;20
C12120004953;01022013;44318601;7
C12120004953;01022013;44318602;7
C12120004953;01022013;44318603;7
C12120004953;01022013;44318604;9
C12120004953;01022013;42918981;2
C12120004953;01022013;42918982;2
C12120004953;01022013;42918983;2
C12120004953;01022013;42918984;2
C12120004953;01022013;44036041;3
C12120004953;01022013;44036042;3
C12120004953;01022013;44036043;3
C12120004953;01022013;44036044;3
C12120004953;01022013;42102901;10
C12120004953;01022013;43979215;30
C12120004953;01022013;43913801;2
C12120004953;01022013;43913802;2
C12120004953;01022013;43913803;2
C12120004953;01022013;43913804;3
C12120004953;01022013;42126601;1
C12120004953;01022013;42126602;2
C12120004953;01022013;42126603;2
C12120004953;01022013;42126604;2
C12120004953;01022013;42869401;8
C12120004953;01022013;42931701;5
