C12110005647;04122012;44036041;1
C12110005647;04122012;44036042;1
C12110005647;04122012;44036043;1
C12110005647;04122012;44036044;1
C12110005647;04122012;43459301;5
C12110005647;04122012;43459302;5
C12110005647;04122012;43459303;6
C12110005647;04122012;43459304;5
C12110005647;04122012;43979101;3
C12110005647;04122012;44469802;3
C12110005647;04122012;56123402;2
C12110005647;04122012;56120401;2
C12110005647;04122012;43460201;2
C12110005647;04122012;43460202;2
C12110005647;04122012;43460203;2
C12110005647;04122012;43460204;1
C12110005647;04122012;43979001;1
C12110005647;04122012;42918901;1
C12110005647;04122012;42918101;2
C12110005647;04122012;42918102;1
C12110005647;04122012;42918103;1
C12110005647;04122012;42918104;1
C12110005647;04122012;44035533;1
C12110005647;04122012;44035534;1
C12110005647;04122012;44035535;1
C12110005647;04122012;44035536;1
