C12100005873;19112012;43913804;4
C12100005873;19112012;43979215;11
C12100005873;19112012;44574301;1
C12100005873;19112012;44059213;2
C12100005873;19112012;44059214;2
C12100005873;19112012;44059215;2
C12100005873;19112012;44059216;1
C12100005873;19112012;44059109;2
C12100005873;19112012;44059110;2
C12100005873;19112012;44059111;2
C12100005873;19112012;44059112;1
C12100005873;19112012;43979001;11
C12100005873;19112012;44318601;3
C12100005873;19112012;44318602;3
C12100005873;19112012;44318603;3
C12100005873;19112012;44318604;3
C12100005873;19112012;44064013;1
C12100005873;19112012;44064014;1
C12100005873;19112012;44064015;1
C12100005873;19112012;42869401;2
C12100005873;19112012;41945521;1
C12100005873;19112012;43854901;1
C12100005873;19112012;42918101;1
C12100005873;19112012;43459301;1
C12100005873;19112012;41963001;6
C12100005873;19112012;52117101;1
