C12120002233;17012013;44318601;2
C12120002233;17012013;44318602;2
C12120002233;17012013;44318603;2
C12120002233;17012013;44318604;2
C12120002233;17012013;52116002;24
C12120002233;17012013;44059213;4
C12120002233;17012013;44059214;4
C12120002233;17012013;44059215;4
C12120002233;17012013;44059216;4
C12120002233;17012013;43979001;18
C12120002233;17012013;43979215;24
C12120002233;17012013;43324417;5
C12120002233;17012013;43324418;5
C12120002233;17012013;43324419;5
C12120002233;17012013;43324420;5
C12120002233;17012013;41963001;4
C12120002233;17012013;41963002;4
C12120002233;17012013;41963003;4
C12120002233;17012013;41963004;4
C12120002233;17012013;43460201;2
C12120002233;17012013;43460202;2
C12120002233;17012013;43460203;2
C12120002233;17012013;43460204;2
C12120002233;17012013;44036041;3
C12120002233;17012013;44036042;3
C12120002233;17012013;44036043;3
C12120002233;17012013;44036044;3
C12120002233;17012013;44035533;3
C12120002233;17012013;44035534;3
C12120002233;17012013;44035535;3
C12120002233;17012013;44035536;3
