C12120001423;17012013;44318601;22
C12120001423;17012013;44318602;23
C12120001423;17012013;44318603;22
C12120001423;17012013;44318604;23
C12120001423;17012013;44318501;2
C12120001423;17012013;44318502;4
C12120001423;17012013;44318503;4
C12120001423;17012013;44318504;4
C12120001423;17012013;43913801;6
C12120001423;17012013;43913802;5
C12120001423;17012013;43913803;6
C12120001423;17012013;43913804;6
C12120001423;17012013;44036041;22
C12120001423;17012013;44036042;22
C12120001423;17012013;44036043;22
C12120001423;17012013;44036044;22
C12120001423;17012013;44035533;5
C12120001423;17012013;44035534;6
C12120001423;17012013;44035535;5
C12120001423;17012013;44035536;6
C12120001423;17012013;44574901;3
C12120001423;17012013;42869401;15
C12120001423;17012013;42931602;2
C12120001423;17012013;43363421;4
C12120001423;17012013;44059109;1
C12120001423;17012013;44059110;1
C12120001423;17012013;44059111;1
C12120001423;17012013;44059112;1
C12120001423;17012013;52116002;1
C12120001423;17012013;44059213;1
C12120001423;17012013;44059214;1
C12120001423;17012013;44059215;1
C12120001423;17012013;44059216;2
C12120001423;17012013;44064015;3
C12120001423;17012013;42931701;1
C12120001423;17012013;42918101;1
C12120001423;17012013;42918102;1
C12120001423;17012013;42918104;1
C12120001423;17012013;43854901;7
C12120001423;17012013;BR10000092;3
