C12120001342;17012013;44064013;1
C12120001342;17012013;44064016;1
C12120001342;17012013;43459301;7
C12120001342;17012013;43459302;7
C12120001342;17012013;43459303;8
C12120001342;17012013;43459304;8
C12120001342;17012013;43487733;1
C12120001342;17012013;43487734;1
C12120001342;17012013;43487735;1
C12120001342;17012013;43487736;1
C12120001342;17012013;43460201;1
C12120001342;17012013;43460202;1
C12120001342;17012013;43460203;1
C12120001342;17012013;42918101;1
C12120001342;17012013;42918102;1
C12120001342;17012013;42918104;1
C12120001342;17012013;42918981;1
C12120001342;17012013;42918982;2
C12120001342;17012013;42918983;2
C12120001342;17012013;42918984;2
C12120001342;17012013;44036041;1
C12120001342;17012013;44036042;1
C12120001342;17012013;44036044;1
C12120001342;17012013;41963003;1
C12120001342;17012013;44917601;2
C12120001342;17012013;43979215;3
C12120001342;17012013;43502001;6
C12120001342;17012013;BR10000092;2
