C12100003404;05112012;44064013;1
C12100003404;05112012;44064014;1
C12100003404;05112012;44064015;2
C12100003404;05112012;44064016;2
C12100003404;05112012;43913801;1
C12100003404;05112012;43913802;1
C12100003404;05112012;43913803;2
C12100003404;05112012;43913804;2
C12100003404;05112012;44318504;1
C12100003404;05112012;43381717;1
C12100003404;05112012;43381718;1
C12100003404;05112012;41963001;2
C12100003404;05112012;41963002;2
C12100003404;05112012;41963003;2
C12100003404;05112012;41963004;2
C12100003404;05112012;43865717;2
C12100003404;05112012;43865718;2
C12100003404;05112012;43865719;2
C12100003404;05112012;43865720;2
C12100003404;05112012;43501901;11
C12100003404;05112012;44059213;1
C12100003404;05112012;44059214;1
C12100003404;05112012;44059215;1
C12100003404;05112012;44059216;2
C12100003404;05112012;43324417;1
C12100003404;05112012;43324418;1
C12100003404;05112012;43324419;1
C12100003404;05112012;43324420;1
C12100003404;05112012;43502001;5
C12100003404;05112012;43979215;6
C12100003404;05112012;44318601;2
C12100003404;05112012;52116002;1
C12100003404;05112012;BR10000092;3
C12100003404;05112012;42869401;1
C12100003404;05112012;43449708;1
