C12110000335;19112012;41946101;1
C12110000335;19112012;44064013;1
C12110000335;19112012;44064014;1
C12110000335;19112012;44064015;1
C12110000335;19112012;44064016;1
C12110000335;19112012;44318501;1
C12110000335;19112012;43381720;1
C12110000335;19112012;43460204;1
C12110000335;19112012;41962804;1
C12110000335;19112012;43865717;1
C12110000335;19112012;43865718;1
C12110000335;19112012;43865719;1
C12110000335;19112012;43865720;1
C12110000335;19112012;44318601;2
C12110000335;19112012;44318602;2
C12110000335;19112012;44318603;2
C12110000335;19112012;44318604;2
C12110000335;19112012;41963001;1
C12110000335;19112012;41963002;1
C12110000335;19112012;41963003;1
C12110000335;19112012;41963004;2
C12110000335;19112012;43979001;6
C12110000335;19112012;44059213;5
C12110000335;19112012;44059214;5
C12110000335;19112012;44059215;5
C12110000335;19112012;44059216;4
C12110000335;19112012;44574301;1
C12110000335;19112012;42102901;1
C12110000335;19112012;43979201;5
C12110000335;19112012;43459301;4
C12110000335;19112012;43459302;4
C12110000335;19112012;43459303;4
C12110000335;19112012;43459304;3
C12110000335;19112012;42931701;1
C12110000335;19112012;43979215;4
C12110000335;19112012;44917601;1
C12110000335;19112012;42869401;1
C12110000335;19112012;44289101;1
C12110000335;19112012;43363201;1
C12110000335;19112012;43363421;1
C12110000335;19112012;BR10000092;1
