C12100010796;19112012;43979215;38
C12100010796;19112012;43979001;12
C12100010796;19112012;43459301;2
C12100010796;19112012;43459302;3
C12100010796;19112012;43459303;3
C12100010796;19112012;43459304;3
C12100010796;19112012;44318601;1
C12100010796;19112012;44318602;1
C12100010796;19112012;44318603;1
C12100010796;19112012;44318604;2
C12100010796;19112012;43502001;13
C12100010796;19112012;43381717;1
C12100010796;19112012;52116002;1
C12100010796;19112012;44059109;1
C12100010796;19112012;44059110;1
C12100010796;19112012;44250716;3
