C12120000613;01022013;44250716;50
C12120000613;01022013;58276500;21
C12120000613;01022013;44059213;9
C12120000613;01022013;44059214;8
C12120000613;01022013;44059215;8
C12120000613;01022013;44059216;5
C12120000613;01022013;44469801;13
C12120000613;01022013;44064013;5
C12120000613;01022013;44064014;5
C12120000613;01022013;44064015;5
C12120000613;01022013;44064016;8
C12120000613;01022013;43979001;20
C12120000613;01022013;43460201;4
C12120000613;01022013;43460202;4
C12120000613;01022013;43460203;4
C12120000613;01022013;43460204;4
C12120000613;01022013;43979101;27
C12120000613;01022013;43363421;2
