C12110006104;01022013;43324401;12
C12110006104;01022013;43324402;12
C12110006104;01022013;43324403;12
C12110006104;01022013;43324404;13
C12110006104;01022013;43459301;5
C12110006104;01022013;43459302;5
C12110006104;01022013;43459303;5
C12110006104;01022013;43459304;6
C12110006104;01022013;42102901;7
C12110006104;01022013;44318501;6
C12110006104;01022013;44318502;6
C12110006104;01022013;44318503;6
C12110006104;01022013;44318504;6
C12110006104;01022013;43363421;4
C12110006104;01022013;52116002;9
C12110006104;01022013;50231970;3
C12110006104;01022013;43363201;5
C12110006104;01022013;BR10000092;8
