C12110006619;09012013;44059213;13
C12110006619;09012013;44059214;13
C12110006619;09012013;44059215;14
C12110006619;09012013;44059216;14
C12110006619;09012013;41963001;2
C12110006619;09012013;41963002;2
C12110006619;09012013;41963003;2
C12110006619;09012013;41963004;3
C12110006619;09012013;41963601;2
C12110006619;09012013;41963602;3
C12110006619;09012013;41963603;3
C12110006619;09012013;41963604;3
C12110006619;09012013;41962801;5
C12110006619;09012013;41962802;5
C12110006619;09012013;41962803;5
C12110006619;09012013;41962804;5
C12110006619;09012013;43501901;14
C12110006619;09012013;43979215;5
C12110006619;09012013;43502001;14
C12110006619;09012013;42102901;11
C12110006619;09012013;43324417;26
C12110006619;09012013;43324418;26
C12110006619;09012013;43324419;26
C12110006619;09012013;43324420;26
