C13040007938;07052013;44036041;3
C13040007938;07052013;44036042;2
C13040007938;07052013;44036043;5
C13040007938;07052013;44036044;8
C13040007938;07052013;44318601;11
C13040007938;07052013;44318602;10
C13040007938;07052013;44318603;14
C13040007938;07052013;44318604;36
C13040007938;07052013;43913801;2
C13040007938;07052013;43913802;2
C13040007938;07052013;43913803;4
C13040007938;07052013;43913804;7
C13040007938;07052013;42869401;2
C13040007938;07052013;42931701;1
C13040007938;07052013;44035533;1
C13040007938;07052013;44035534;1
C13040007938;07052013;44035535;1
C13040007938;07052013;44035536;1
C13040007938;07052013;52116002;1
