C13050009240;01072013;42918101;5
C13050009240;01072013;42918102;5
C13050009240;01072013;42918103;2
C13050009240;01072013;42918104;8
C13050009240;01072013;43501901;13
C13050009240;01072013;42931701;2
C13050009240;01072013;43363201;3
C13050009240;01072013;42127401;2
C13050009240;01072013;42127402;1
C13050009240;01072013;42127403;2
C13050009240;01072013;42127404;3
C13050009240;01072013;42869401;8
C13050009240;01072013;44469801;1
C13050009240;01072013;44035533;3
C13050009240;01072013;44035534;3
C13050009240;01072013;44035535;3
C13050009240;01072013;44035536;4
C13050009240;01072013;42931602;1
C13050009240;01072013;42126601;1
C13050009240;01072013;42126602;1
C13050009240;01072013;42126603;1
C13050009240;01072013;42126604;1
C13050009240;01072013;43979215;6
C13050009240;01072013;50231970;1
C13050009240;01072013;43459301;4
C13050009240;01072013;43459302;4
C13050009240;01072013;43459303;5
C13050009240;01072013;43459304;6
C13050009240;01072013;43913801;3
C13050009240;01072013;43913802;3
C13050009240;01072013;43913803;3
C13050009240;01072013;43913804;3
C13050009240;01072013;44318501;1
C13050009240;01072013;44318502;1
C13050009240;01072013;44318503;1

