C13090002441;23092013;44315341;39
C13090002441;23092013;44917601;78
C13090002441;23092013;42918101;23
C13090002441;23092013;43979215;81
C13090002441;23092013;43381717;12
C13090002441;23092013;43979001;51
C13090002441;23092013;44318601;42
C13090002441;23092013;43913801;48
C13090002441;23092013;44844509;27
C13090002441;23092013;42918981;12
C13090002441;23092013;44036041;8
C13090002441;23092013;42127401;8
C13090002441;23092013;43865717;32
C13090002441;23092013;43363421;11
C13090002441;23092013;44315125;15
C13090002441;23092013;42126601;8
C13090002441;23092013;43324401;45
C13090002441;23092013;BR10000092;45
