C13070003795;07082013;44036041;16
C13070003795;07082013;44036042;16
C13070003795;07082013;44036043;16
C13070003795;07082013;44036044;16
C13070003795;07082013;43979001;5
C13070003795;07082013;44318601;7
C13070003795;07082013;44318602;7
C13070003795;07082013;44318603;7
C13070003795;07082013;44318604;8
C13070003795;07082013;44917601;3
C13070003795;07082013;42931701;1
C13070003795;07082013;43979215;14
C13070003795;07082013;42869401;7
C13070003795;07082013;44318501;4
C13070003795;07082013;44318502;2
C13070003795;07082013;44318503;2
C13070003795;07082013;44318504;2
C13070003795;07082013;52116002;1
C13070003795;07082013;44574301;1
C13070003795;07082013;44035533;2
C13070003795;07082013;44035534;2
C13070003795;07082013;44035535;2
C13070003795;07082013;44035536;3
