C13050007035;31052013;44059109;14
C13050007035;31052013;44059110;9
C13050007035;31052013;44059111;13
C13050007035;31052013;44059112;23
C13050007035;31052013;44064013;3
C13050007035;31052013;44064014;3
C13050007035;31052013;44064015;3
C13050007035;31052013;44064016;5
C13050007035;31052013;42931602;2
C13050007035;31052013;44469801;8
C13050007035;31052013;44469701;2
C13050007035;31052013;44469702;2
C13050007035;31052013;44469703;2
C13050007035;31052013;44469802;2
C13050007035;31052013;BR10000092;6
C13050007035;31052013;44318601;1
C13050007035;31052013;44318602;1
C13050007035;31052013;44318603;1
C13050007035;31052013;44318604;1
