C13020001098;18022013;44318601;5
C13020001098;18022013;44318602;5
C13020001098;18022013;44318603;4
C13020001098;18022013;44318604;4
C13020001098;18022013;44059213;3
C13020001098;18022013;44059214;3
C13020001098;18022013;44059215;2
C13020001098;18022013;44059216;2
C13020001098;18022013;44064013;2
C13020001098;18022013;44064014;2
C13020001098;18022013;44064015;2
C13020001098;18022013;44064016;2
C13020001098;18022013;43854901;1
C13020001098;18022013;44318501;2
C13020001098;18022013;44318502;2
C13020001098;18022013;44318503;2
C13020001098;18022013;44318504;3
C13020001098;18022013;42931602;1
C13020001098;18022013;42918981;1
C13020001098;18022013;42918982;1
C13020001098;18022013;42918983;1
C13020001098;18022013;42918984;1
C13020001098;18022013;41963001;1
C13020001098;18022013;41963002;1
C13020001098;18022013;43529404;1
