C13050010176;31052013;42869401;1
C13050010176;31052013;44035533;1
C13050010176;31052013;44035534;1
C13050010176;31052013;44035535;1
C13050010176;31052013;44035536;1
C13050010176;31052013;44036041;1
C13050010176;31052013;44036042;1
C13050010176;31052013;44036043;1
C13050010176;31052013;44036044;1
C13050010176;31052013;44318601;1
C13050010176;31052013;44318602;1
C13050010176;31052013;44318603;1
C13050010176;31052013;44318604;1
C13050010176;31052013;44250709;1
C13050010176;31052013;44250710;2
C13050010176;31052013;44250711;3
C13050010176;31052013;44250716;2
C13050010176;31052013;42931701;1
C13050010176;31052013;42918101;1
C13050010176;31052013;42918102;1
C13050010176;31052013;42918981;1
C13050010176;31052013;42918983;1
C13050010176;31052013;43913803;1
