C13060001897;01072013;44318601;22
C13060001897;01072013;44318602;25
C13060001897;01072013;44318603;21
C13060001897;01072013;44318604;30
C13060001897;01072013;43913801;8
C13060001897;01072013;43913802;12
C13060001897;01072013;43913803;11
C13060001897;01072013;43913804;14
C13060001897;01072013;42918981;3
C13060001897;01072013;42918982;3
C13060001897;01072013;42918983;2
C13060001897;01072013;42918984;6
C13060001897;01072013;42869401;12
C13060001897;01072013;44035533;4
C13060001897;01072013;44035534;2
C13060001897;01072013;44035535;1
C13060001897;01072013;44035536;10
C13060001897;01072013;44059213;5
C13060001897;01072013;44059214;5
C13060001897;01072013;44059215;7
C13060001897;01072013;44059216;9
C13060001897;01072013;44036041;8
C13060001897;01072013;44036042;5
C13060001897;01072013;44036043;7
C13060001897;01072013;44036044;17
C13060001897;01072013;42931701;7
C13060001897;01072013;43854901;3
C13060001897;01072013;42918101;2
C13060001897;01072013;42918102;2
C13060001897;01072013;42918103;1
C13060001897;01072013;42918104;4
C13060001897;01072013;43363421;3
C13060001897;01072013;43979001;13
C13060001897;01072013;43979215;8
C13060001897;01072013;42931602;2
C13060001897;01072013;44574301;2
C13060001897;01072013;44917601;15
C13060001897;01072013;BR10000092;5
C13060001897;01072013;44318501;2
C13060001897;01072013;44318502;2
C13060001897;01072013;44318503;2
C13060001897;01072013;44318504;1
