C13060011426;19072013;44844512;4
C13060011426;19072013;44318504;1
C13060011426;19072013;44318601;1
C13060011426;19072013;44318603;2
C13060011426;19072013;44318604;1
C13060011426;19072013;44064013;4
C13060011426;19072013;44064014;2
C13060011426;19072013;44064015;3
C13060011426;19072013;44064016;2
C13060011426;19072013;52123603;2
C13060011426;19072013;44917601;2
C13060011426;19072013;44059109;8
C13060011426;19072013;44059110;6
C13060011426;19072013;44059111;3
C13060011426;19072013;44059112;5
C13060011426;19072013;44844509;1
C13060011426;19072013;44844510;2
