C13050006144;31052013;42918101;3
C13050006144;31052013;42918102;3
C13050006144;31052013;42918103;3
C13050006144;31052013;42918104;4
C13050006144;31052013;42869401;7
C13050006144;31052013;44059109;4
C13050006144;31052013;44059110;4
C13050006144;31052013;44059111;4
C13050006144;31052013;44059112;4
C13050006144;31052013;44064013;2
C13050006144;31052013;44064014;2
C13050006144;31052013;44064015;3
C13050006144;31052013;44064016;4
C13050006144;31052013;43363421;6
C13050006144;31052013;42931701;4
C13050006144;31052013;43459301;5
C13050006144;31052013;43459302;5
C13050006144;31052013;43459303;5
C13050006144;31052013;43459304;5
C13050006144;31052013;44469701;4
C13050006144;31052013;44469702;3
C13050006144;31052013;44469703;3
C13050006144;31052013;44469802;8
C13050006144;31052013;42931602;5
C13050006144;31052013;41963001;3
C13050006144;31052013;41963002;2
C13050006144;31052013;41963003;2
C13050006144;31052013;41963004;2
C13050006144;31052013;41962801;1
C13050006144;31052013;41962802;1
C13050006144;31052013;41962803;5
C13050006144;31052013;41962804;6
C13050006144;31052013;43913801;2
C13050006144;31052013;43913802;2
C13050006144;31052013;43913803;6
C13050006144;31052013;43913804;4
C13050006144;31052013;43865717;2
C13050006144;31052013;43865718;2
C13050006144;31052013;43865719;2
C13050006144;31052013;43865720;2
