C13040000259;11042013;44341901;1
C13040000259;11042013;41945521;1
C13040000259;11042013;43979215;20
C13040000259;11042013;42918101;2
C13040000259;11042013;42918102;2
C13040000259;11042013;42918103;2
C13040000259;11042013;42918104;2
C13040000259;11042013;42918981;2
C13040000259;11042013;42918982;3
C13040000259;11042013;42918983;3
C13040000259;11042013;42918984;3
C13040000259;11042013;44844509;2
C13040000259;11042013;44844510;2
C13040000259;11042013;44844511;2
C13040000259;11042013;44844512;2
C13040000259;11042013;43913801;1
C13040000259;11042013;43913802;1
C13040000259;11042013;43913803;1
C13040000259;11042013;43913804;1
C13040000259;11042013;43459301;4
C13040000259;11042013;43459302;4
C13040000259;11042013;43459303;4
C13040000259;11042013;43459304;4
C13040000259;11042013;43865717;1
C13040000259;11042013;43865718;1
C13040000259;11042013;43865719;1
C13040000259;11042013;43865720;1
C13040000259;11042013;44318601;1
C13040000259;11042013;44318602;1
C13040000259;11042013;44318603;1
C13040000259;11042013;44318604;1
C13040000259;11042013;41962801;1
C13040000259;11042013;41962802;1
C13040000259;11042013;41963001;1
C13040000259;11042013;41963002;1
