C13040005803;07052013;43363421;3
C13040005803;07052013;44036041;28
C13040005803;07052013;44036042;29
C13040005803;07052013;44036043;29
C13040005803;07052013;44036044;29
C13040005803;07052013;44035533;2
C13040005803;07052013;44035534;3
C13040005803;07052013;44035535;4
C13040005803;07052013;44035536;7
C13040005803;07052013;44059213;31
C13040005803;07052013;44059214;32
C13040005803;07052013;44059215;32
C13040005803;07052013;44059216;32
C13040005803;07052013;44318601;32
C13040005803;07052013;44318602;9
C13040005803;07052013;44318603;1
C13040005803;07052013;44318604;2
C13040005803;07052013;42869401;2
C13040005803;07052013;44318601;4
C13040005803;07052013;44318602;3
C13040005803;07052013;44318603;4
C13040005803;07052013;44318604;5
C13040005803;07052013;43913801;14
C13040005803;07052013;43913802;2
C13040005803;07052013;43913803;5
C13040005803;07052013;43913804;14
C13040005803;07052013;43854901;2
C13040005803;07052013;52116002;5
C13040005803;07052013;BR10000092;21
