C13040006290;07052013;44318601;45
C13040006290;07052013;44318602;41
C13040006290;07052013;44318603;47
C13040006290;07052013;44318604;67
C13040006290;07052013;44318501;4
C13040006290;07052013;44318502;8
C13040006290;07052013;44318503;7
C13040006290;07052013;44318504;11
C13040006290;07052013;44341901;4
C13040006290;07052013;42931602;2
C13040006290;07052013;42918981;1
C13040006290;07052013;42918982;1
C13040006290;07052013;42918983;1
C13040006290;07052013;42918984;1
C13040006290;07052013;43487733;1
C13040006290;07052013;43487734;1
C13040006290;07052013;43487735;1
C13040006290;07052013;43487736;1
