C13070007197;02082013;44469802;4
C13070007197;02082013;44469801;4
C13070007197;02082013;44469701;1
C13070007197;02082013;44469702;1
C13070007197;02082013;44469703;1
C13070007197;02082013;43979101;7
C13070007197;02082013;43979001;1
C13070007197;02082013;44250709;1
C13070007197;02082013;44250710;1
C13070007197;02082013;44250711;2
C13070007197;02082013;44250716;1
C13070007197;02082013;44469719;2
C13070007197;02082013;44469720;3
C13070007197;02082013;44469721;2
C13070007197;02082013;42918103;1
C13070007197;02082013;44035533;1
C13070007197;02082013;44035534;1
C13070007197;02082013;44035536;1
C13070007197;02082013;43913801;1
C13070007197;02082013;43913802;1
C13070007197;02082013;43913803;1
