C13080012207;13092013;43913801;8
C13080012207;13092013;43913802;8
C13080012207;13092013;43913803;8
C13080012207;13092013;43913804;8
C13080012207;13092013;44036041;6
C13080012207;13092013;44036042;6
C13080012207;13092013;44036043;8
C13080012207;13092013;44036044;12
C13080012207;13092013;42931701;4
C13080012207;13092013;42869401;2
C13080012207;13092013;43363421;4
C13080012207;13092013;42931602;2
C13080012207;13092013;44318601;6
C13080012207;13092013;44318602;6
C13080012207;13092013;44318603;6
C13080012207;13092013;44318604;5
C13080012207;13092013;44318501;2
C13080012207;13092013;44318502;3
C13080012207;13092013;44318503;3
C13080012207;13092013;44318504;2
C13080012207;13092013;44059109;5
C13080012207;13092013;44059110;5
C13080012207;13092013;44059111;3
C13080012207;13092013;44059112;4
C13080012207;13092013;44574301;1
C13080012207;13092013;44574901;4
C13080012207;13092013;BR10000092;26
C13080012207;13092013;44035533;4
C13080012207;13092013;44035534;4
C13080012207;13092013;44035535;4
C13080012207;13092013;44035536;6
C13080012207;13092013;43363201;3
