C13070007600;02082013;44318601;12
C13070007600;02082013;44318602;12
C13070007600;02082013;44318603;12
C13070007600;02082013;44318604;12
C13070007600;02082013;42869401;1
C13070007600;02082013;43913801;1
C13070007600;02082013;43913802;1
C13070007600;02082013;43913803;3
C13070007600;02082013;43913804;2
C13070007600;02082013;44035533;1
C13070007600;02082013;44035534;2
C13070007600;02082013;44035535;2
C13070007600;02082013;44035536;3
C13070007600;02082013;43363421;1
C13070007600;02082013;43459301;1
C13070007600;02082013;43459302;1
C13070007600;02082013;43459303;1
C13070007600;02082013;43459304;1
C13070007600;02082013;44036041;5
C13070007600;02082013;44036042;5
C13070007600;02082013;44036043;5
C13070007600;02082013;44036044;5
C13070007600;02082013;42931701;1
C13070007600;02082013;44318501;2
C13070007600;02082013;44318502;2
C13070007600;02082013;44318503;2
C13070007600;02082013;44318504;2
C13070007600;02082013;44064013;1
C13070007600;02082013;44064014;1
C13070007600;02082013;44064015;1
C13070007600;02082013;44064016;2
C13070007600;02082013;42931602;2
C13070007600;02082013;BR10000092;2
