C13010008065;26022013;43460201;18
C13010008065;26022013;43460202;30
C13010008065;26022013;43460203;30
C13010008065;26022013;43460204;30
C13010008065;26022013;43377001;3
C13010008065;26022013;43378001;4
C13010008065;26022013;52116002;18
C13010008065;26022013;43501901;11
C13010008065;26022013;43979215;1
C13010008065;26022013;43865720;1
C13010008065;26022013;43324418;1
C13010008065;26022013;43979001;1
C13010008065;26022013;44574301;2
C13010008065;26022013;44318504;1
C13010008065;26022013;44318501;4
C13010008065;26022013;44318503;2
C13010008065;26022013;44318502;2
C13010008065;26022013;42918103;2
C13010008065;26022013;42918104;6
C13010008065;26022013;42918102;1
C13010008065;26022013;43381701;1
C13010008065;26022013;43381904;1
C13010008065;26022013;43381902;1
C13010008065;26022013;43381901;1
C13010008065;26022013;44469801;2
