C13040001301;13062013;43913801;11
C13040001301;13062013;43913802;13
C13040001301;13062013;43913803;12
C13040001301;13062013;43913804;9
C13040001301;13062013;44318501;3
C13040001301;13062013;44318502;2
C13040001301;13062013;44318503;1
C13040001301;13062013;44318504;3
C13040001301;13062013;44318601;25
C13040001301;13062013;44318602;25
C13040001301;13062013;44318603;25
C13040001301;13062013;44318604;42
C13040001301;13062013;42918901;6
C13040001301;13062013;42918902;6
C13040001301;13062013;42918903;6
C13040001301;13062013;42918904;8
C13040001301;13062013;41962802;1
C13040001301;13062013;41962804;2
C13040001301;13062013;43363421;1
C13040001301;13062013;43854901;1
C13040001301;13062013;43501901;1
C13040001301;13062013;44064013;6
C13040001301;13062013;44064014;2
C13040001301;13062013;44064015;1
C13040001301;13062013;44059109;4
C13040001301;13062013;44059110;3
C13040001301;13062013;44059111;5
C13040001301;13062013;44059112;8
C13040001301;13062013;44059213;6
C13040001301;13062013;44059214;4
C13040001301;13062013;44059215;3
C13040001301;13062013;44059216;3
C13040001301;13062013;43381717;12
C13040001301;13062013;43381718;12
C13040001301;13062013;43381719;12
C13040001301;13062013;43381720;15
C13040001301;13062013;43865717;4
C13040001301;13062013;43865718;2
C13040001301;13062013;43865719;3
C13040001301;13062013;43865720;4
C13040001301;13062013;42918101;3
C13040001301;13062013;42918102;4
C13040001301;13062013;42918103;4
C13040001301;13062013;42918104;2
