C13060000220;01072013;43979001;67
C13060000220;01072013;44064013;6
C13060000220;01072013;44064014;6
C13060000220;01072013;44064015;6
C13060000220;01072013;44064016;6
C13060000220;01072013;43979215;67
C13060000220;01072013;41963601;10
C13060000220;01072013;41963602;10
C13060000220;01072013;41963603;10
C13060000220;01072013;41963604;10
C13060000220;01072013;42102901;22
C13060000220;01072013;44574901;26
C13060000220;01072013;44574301;28
C13060000220;01072013;44917601;55
C13060000220;01072013;43459301;5
C13060000220;01072013;43459302;5
C13060000220;01072013;43459303;5
C13060000220;01072013;43459304;5
C13060000220;01072013;43502001;78
C13060000220;01072013;43979101;15
C13060000220;01072013;41962801;8
C13060000220;01072013;41962802;8
C13060000220;01072013;41962803;8
C13060000220;01072013;41962804;8
C13060000220;01072013;52116101;42
C13060000220;01072013;44036041;16
C13060000220;01072013;44036042;15
C13060000220;01072013;44036043;15
C13060000220;01072013;44036044;17
C13060000220;01072013;44035533;7
C13060000220;01072013;44035534;7
C13060000220;01072013;44035535;7
C13060000220;01072013;44035536;7
C13060000220;01072013;44469701;10
C13060000220;01072013;44469702;10
C13060000220;01072013;44469703;11
C13060000220;01072013;44469802;11
C13060000220;01072013;44469801;17
