C13030006173;11042013;44059213;8
C13030006173;11042013;44059214;8
C13030006173;11042013;44059215;8
C13030006173;11042013;44059216;8
C13030006173;11042013;44064013;4
C13030006173;11042013;44064014;4
C13030006173;11042013;44064015;4
C13030006173;11042013;44064016;4
C13030006173;11042013;43865717;7
C13030006173;11042013;43865718;7
C13030006173;11042013;43865719;7
C13030006173;11042013;43865720;10
C13030006173;11042013;44059109;6
C13030006173;11042013;44059110;6
C13030006173;11042013;44059111;8
C13030006173;11042013;44059112;8
C13030006173;11042013;42918101;3
C13030006173;11042013;42918102;3
C13030006173;11042013;42918103;5
C13030006173;11042013;42918104;4
C13030006173;11042013;42869401;8
C13030006173;11042013;43913801;8
C13030006173;11042013;43913802;9
C13030006173;11042013;43913803;9
C13030006173;11042013;43913804;9
C13030006173;11042013;43363421;3
C13030006173;11042013;41963001;3
C13030006173;11042013;41963002;3
C13030006173;11042013;41963003;3
C13030006173;11042013;41963004;3
C13030006173;11042013;42931701;6
C13030006173;11042013;42931602;3
C13030006173;11042013;43501901;12
C13030006173;11042013;44318601;6
C13030006173;11042013;44318602;6
C13030006173;11042013;44318603;6
C13030006173;11042013;44318604;6
C13030006173;11042013;43381717;3
C13030006173;11042013;43381718;3
C13030006173;11042013;43381719;3
C13030006173;11042013;43381720;3
C13030006173;11042013;43979001;14
C13030006173;11042013;41962801;2
C13030006173;11042013;41962802;2
C13030006173;11042013;41962803;2
C13030006173;11042013;41962804;2
