C13020006723;11042013;44035536;10
C13020006723;11042013;44574301;2
C13020006723;11042013;43979001;12
C13020006723;11042013;43381720;9
C13020006723;11042013;42126604;1
C13020006723;11042013;42918103;18
C13020006723;11042013;42918104;11
C13020006723;11042013;44289101;2
C13020006723;11042013;41945521;1
C13020006723;11042013;50231970;2
C13020006723;11042013;42869401;9
C13020006723;11042013;BR10000092;8
C13020006723;11042013;42918901;1
C13020006723;11042013;44315128;4
C13020006723;11042013;44315343;26
