C13090007591;21102013;44315341;36
C13090007591;21102013;44917601;60
C13090007591;21102013;44574301;26
C13090007591;21102013;44036041;18
C13090007591;21102013;52116002;34
C13090007591;21102013;43324417;12
C13090007591;21102013;44035533;8
C13090007591;21102013;44318501;17
C13090007591;21102013;42931602;2
C13090007591;21102013;42931701;4
C13090007591;21102013;43865717;17
C13090007591;21102013;44064013;4
C13090007591;21102013;43502001;28
C13090007591;21102013;43979001;14
C13090007591;21102013;43979215;39
C13090007591;21102013;44574901;22
C13090007591;21102013;42918101;8
C13090007591;21102013;42918981;13
C13090007591;21102013;BR10000092;46
