C13050004796;31052013;43449708;1
C13050004796;31052013;44318601;1
C13050004796;31052013;44318602;1
C13050004796;31052013;44318603;1
C13050004796;31052013;44318604;1
C13050004796;31052013;44318501;3
C13050004796;31052013;44318502;3
C13050004796;31052013;44318503;1
C13050004796;31052013;44318504;5
C13050004796;31052013;43913801;1
C13050004796;31052013;43913802;3
C13050004796;31052013;43913803;3
C13050004796;31052013;43913804;1
C13050004796;31052013;42869401;1
C13050004796;31052013;44059213;4
C13050004796;31052013;44059214;3
C13050004796;31052013;44059215;3
C13050004796;31052013;44059216;10
C13050004796;31052013;43979215;13
C13050004796;31052013;43459301;1
C13050004796;31052013;43459302;1
C13050004796;31052013;43459303;1
C13050004796;31052013;43459304;1
C13050004796;31052013;44574901;7
C13050004796;31052013;42918981;1
C13050004796;31052013;42918982;2
C13050004796;31052013;42918983;2
C13050004796;31052013;42918984;3
C13050004796;31052013;41962804;1
C13050004796;31052013;44341901;2
C13050004796;31052013;41945521;2
C13050004796;31052013;42918101;1
C13050004796;31052013;42918102;1
C13050004796;31052013;42918103;1
C13050004796;31052013;42918104;2
C13050004796;31052013;41963001;1
C13050004796;31052013;41963003;1
