C13070001580;15072013;43979001;12
C13070001580;15072013;43501901;2
C13070001580;15072013;44064013;1
C13070001580;15072013;44064014;1
C13070001580;15072013;44064016;1
C13070001580;15072013;44318501;2
C13070001580;15072013;44318502;1
C13070001580;15072013;44318503;2
C13070001580;15072013;44318504;2
C13070001580;15072013;43529404;1
C13070001580;15072013;44469701;2
C13070001580;15072013;44469801;2
C13070001580;15072013;44494201;1
C13070001580;15072013;44318601;4
C13070001580;15072013;44318602;6
C13070001580;15072013;44318603;4
C13070001580;15072013;44318604;5
C13070001580;15072013;44574301;4
C13070001580;15072013;44059109;4
C13070001580;15072013;44059110;4
C13070001580;15072013;44059111;6
C13070001580;15072013;44059112;5
C13070001580;15072013;BR10000092;32
