C13010002539;25022013;44318501;3
C13010002539;25022013;44318502;3
C13010002539;25022013;44318503;3
C13010002539;25022013;44318504;6
C13010002539;25022013;52116002;7
C13010002539;25022013;44059213;1
C13010002539;25022013;44059214;1
C13010002539;25022013;44059215;2
C13010002539;25022013;44059216;2
C13010002539;25022013;43324401;6
C13010002539;25022013;43324402;6
C13010002539;25022013;43324403;6
C13010002539;25022013;43324404;9
C13010002539;25022013;44064013;1
C13010002539;25022013;44064014;1
C13010002539;25022013;44064015;1
C13010002539;25022013;44064016;1
C13010002539;25022013;43853101;2
C13010002539;25022013;43381701;1
C13010002539;25022013;43381702;2
C13010002539;25022013;43381703;3
C13010002539;25022013;43381704;3
C13010002539;25022013;44341901;1
C13010002539;25022013;43459301;1
C13010002539;25022013;43459302;1
C13010002539;25022013;43459303;1
C13010002539;25022013;43459304;1
C13010002539;25022013;43502301;5
C13010002539;25022013;43449708;1
C13010002539;25022013;44318601;1
C13010002539;25022013;44318602;1
C13010002539;25022013;44318603;1
C13010002539;25022013;44318604;2
