C13060006180;07082013;42931602;4
C13060006180;07082013;43363421;3
C13060006180;07082013;43979001;50
C13060006180;07082013;44064013;3
C13060006180;07082013;44064014;3
C13060006180;07082013;44064015;3
C13060006180;07082013;44064016;5
C13060006180;07082013;43381717;2
C13060006180;07082013;43381718;2
C13060006180;07082013;43381719;2
C13060006180;07082013;43381720;4
C13060006180;07082013;43363201;6
C13060006180;07082013;43979215;37
C13060006180;07082013;43865717;6
C13060006180;07082013;43865718;6
C13060006180;07082013;43865719;6
C13060006180;07082013;43865720;8
C13060006180;07082013;43502001;12
C13060006180;07082013;52116101;7
C13060006180;07082013;43501901;9
C13060006180;07082013;44059213;5
C13060006180;07082013;44059214;4
C13060006180;07082013;44059215;4
C13060006180;07082013;44059216;5
C13060006180;07082013;44318501;2
C13060006180;07082013;44318502;2
C13060006180;07082013;44318503;1
C13060006180;07082013;44318504;1
C13060006180;07082013;42931701;2
C13060006180;07082013;44574301;3
C13060006180;07082013;44917601;13
C13060006180;07082013;44574901;8
C13060006180;07082013;44036041;5
C13060006180;07082013;44036042;4
C13060006180;07082013;44036043;4
C13060006180;07082013;44036044;4
C13060006180;07082013;43979201;19
C13060006180;07082013;BR10000092;68
