C13060001706;01072013;43324401;8
C13060001706;01072013;43324402;8
C13060001706;01072013;43324403;8
C13060001706;01072013;43324404;8
C13060001706;01072013;43979001;39
C13060001706;01072013;44469701;3
C13060001706;01072013;44469702;3
C13060001706;01072013;44469703;3
C13060001706;01072013;44469802;6
C13060001706;01072013;44059213;5
C13060001706;01072013;44059214;5
C13060001706;01072013;44059215;5
C13060001706;01072013;44059216;5
C13060001706;01072013;43979101;9
C13060001706;01072013;43381701;6
C13060001706;01072013;43381702;6
C13060001706;01072013;43381703;6
C13060001706;01072013;43381704;6
C13060001706;01072013;44574901;18
C13060001706;01072013;52116002;8
C13060001706;01072013;44318601;9
C13060001706;01072013;44318602;9
C13060001706;01072013;44318603;9
C13060001706;01072013;44318604;9
C13060001706;01072013;44064013;7
C13060001706;01072013;44064014;7
C13060001706;01072013;44064015;7
C13060001706;01072013;44064016;7
C13060001706;01072013;44469801;16
C13060001706;01072013;44574301;2
C13060001706;01072013;44917601;21
C13060001706;01072013;44036041;1
C13060001706;01072013;44036042;1
C13060001706;01072013;44036043;3
C13060001706;01072013;44036044;4
C13060001706;01072013;44035533;2
C13060001706;01072013;44035534;2
C13060001706;01072013;44035535;2
C13060001706;01072013;44035536;3
