C13040005994;07052013;44064013;2
C13040005994;07052013;44064014;2
C13040005994;07052013;44064015;1
C13040005994;07052013;44064016;3
C13040005994;07052013;44059213;2
C13040005994;07052013;44059214;2
C13040005994;07052013;44059215;1
C13040005994;07052013;44059216;11
C13040005994;07052013;44318601;4
C13040005994;07052013;44318602;3
C13040005994;07052013;44318603;4
C13040005994;07052013;44318604;16
C13040005994;07052013;41962801;1
C13040005994;07052013;41962802;1
C13040005994;07052013;41962803;1
C13040005994;07052013;41962804;1
C13040005994;07052013;43913801;2
C13040005994;07052013;43913802;1
C13040005994;07052013;43913803;1
C13040005994;07052013;43913804;2
C13040005994;07052013;44036041;1
C13040005994;07052013;44036043;1
C13040005994;07052013;44036044;1
C13040005994;07052013;44341901;1
C13040005994;07052013;43865720;2
C13040005994;07052013;43459304;1
C13040005994;07052013;42918983;1
