C13060005108;16072013;44318601;12
C13060005108;16072013;44318602;11
C13060005108;16072013;44318603;11
C13060005108;16072013;44318604;14
C13060005108;16072013;44574901;16
C13060005108;16072013;44469701;2
C13060005108;16072013;44469702;1
C13060005108;16072013;44469703;1
C13060005108;16072013;44469801;2
C13060005108;16072013;44574301;4
C13060005108;16072013;44318501;4
C13060005108;16072013;44318502;3
C13060005108;16072013;44318503;4
C13060005108;16072013;44318504;5
C13060005108;16072013;52116002;7
C13060005108;16072013;44035533;1
C13060005108;16072013;44035534;1
C13060005108;16072013;44035535;1
C13060005108;16072013;44035536;2
C13060005108;16072013;43979215;1
C13060005108;16072013;43979001;18
