C13060007747;15072013;44318601;3
C13060007747;15072013;44318602;3
C13060007747;15072013;44318603;3
C13060007747;15072013;44318604;5
C13060007747;15072013;43979001;3
C13060007747;15072013;43979215;3
C13060007747;15072013;44469801;1
C13060007747;15072013;42869401;2
C13060007747;15072013;44035535;1
C13060007747;15072013;44035536;1
C13060007747;15072013;44318503;1
C13060007747;15072013;44318504;2
C13060007747;15072013;44318501;2
C13060007747;15072013;42931701;1
C13060007747;15072013;44036044;24
C13060007747;15072013;44341901;1
