C13050009593;31052013;44064013;2
C13050009593;31052013;44064014;2
C13050009593;31052013;44064015;2
C13050009593;31052013;44064016;2
C13050009593;31052013;44318601;7
C13050009593;31052013;44318602;7
C13050009593;31052013;44318603;2
C13050009593;31052013;44318604;2
C13050009593;31052013;44035533;3
C13050009593;31052013;44035534;3
C13050009593;31052013;44035535;3
C13050009593;31052013;44035536;2
C13050009593;31052013;44036041;2
C13050009593;31052013;44036042;2
C13050009593;31052013;44036043;2
C13050009593;31052013;44036044;2
C13050009593;31052013;43381717;1
C13050009593;31052013;43381718;1
C13050009593;31052013;43381719;1
C13050009593;31052013;43381720;1
C13050009593;31052013;44059109;1
C13050009593;31052013;44059110;1
C13050009593;31052013;44059111;1
C13050009593;31052013;44059112;1
C13050009593;31052013;44917601;2
