C13050001690;31052013;52116002;28
C13050001690;31052013;43381701;1
C13050001690;31052013;43381702;1
C13050001690;31052013;43381703;1
C13050001690;31052013;43381704;2
C13050001690;31052013;43979215;6
C13050001690;31052013;43502001;2
C13050001690;31052013;44059213;2
C13050001690;31052013;44059214;2
C13050001690;31052013;44059215;2
C13050001690;31052013;44059216;2
C13050001690;31052013;44318601;3
C13050001690;31052013;44318602;2
C13050001690;31052013;44318603;4
C13050001690;31052013;44318604;7
C13050001690;31052013;42918101;1
C13050001690;31052013;43363201;1
