C13060009286;15072013;44494201;1
C13060009286;15072013;42931602;3
C13060009286;15072013;44064013;3
C13060009286;15072013;44064014;3
C13060009286;15072013;44064015;4
C13060009286;15072013;44064016;4
C13060009286;15072013;43979215;35
C13060009286;15072013;42918101;1
C13060009286;15072013;42918102;1
C13060009286;15072013;42918103;2
C13060009286;15072013;42918104;3
C13060009286;15072013;43363421;4
C13060009286;15072013;43913801;1
C13060009286;15072013;43913802;1
C13060009286;15072013;43913803;1
C13060009286;15072013;43913804;2
C13060009286;15072013;44318504;1
C13060009286;15072013;41962801;1
C13060009286;15072013;41962802;1
C13060009286;15072013;41962803;1
C13060009286;15072013;41962804;1
C13060009286;15072013;44574301;1
C13060009286;15072013;43865717;1
C13060009286;15072013;43865718;1
C13060009286;15072013;43865719;1
C13060009286;15072013;43865720;2
C13060009286;15072013;44059109;2
C13060009286;15072013;44059110;2
C13060009286;15072013;44059111;2
C13060009286;15072013;44059112;2
C13060009286;15072013;44059213;3
C13060009286;15072013;44059214;3
C13060009286;15072013;44059215;4
C13060009286;15072013;44059216;5
C13060009286;15072013;44844511;1
C13060009286;15072013;44036044;1
C13060009286;15072013;42918984;2
C13060009286;15072013;43979001;19
C13060009286;15072013;43363201;1
C13060009286;15072013;44318604;1
C13060009286;15072013;41963001;2
C13060009286;15072013;41963002;2
C13060009286;15072013;41963003;2
C13060009286;15072013;41963004;2
C13060009286;15072013;44469701;2
C13060009286;15072013;44917601;8
C13060009286;15072013;BR10000092;3
