C13050001428;31052013;42918901;1
C13050001428;31052013;42918902;2
C13050001428;31052013;42918903;1
C13050001428;31052013;42918904;1
C13050001428;31052013;52116002;44
C13050001428;31052013;42918981;3
C13050001428;31052013;42918982;2
C13050001428;31052013;42918983;2
C13050001428;31052013;42918984;3
C13050001428;31052013;43502301;3
C13050001428;31052013;44917601;6
C13050001428;31052013;44250709;3
C13050001428;31052013;44250710;3
C13050001428;31052013;44250711;3
C13050001428;31052013;44250716;4
C13050001428;31052013;44469801;6
C13050001428;31052013;44469701;2
C13050001428;31052013;44469702;2
C13050001428;31052013;44469703;1
C13050001428;31052013;44469802;3
C13050001428;31052013;43381701;1
C13050001428;31052013;43381702;1
C13050001428;31052013;BR10000092;14
