C13050002742;31052013;43324401;2
C13050002742;31052013;43324402;2
C13050002742;31052013;43324403;2
C13050002742;31052013;43324404;2
C13050002742;31052013;43865717;9
C13050002742;31052013;43865718;16
C13050002742;31052013;43865719;12
C13050002742;31052013;43865720;37
C13050002742;31052013;42102901;16
C13050002742;31052013;43979001;1
C13050002742;31052013;44469701;1
C13050002742;31052013;44469702;1
C13050002742;31052013;44469703;1
C13050002742;31052013;43913801;12
C13050002742;31052013;43913802;12
C13050002742;31052013;43913803;12
C13050002742;31052013;43913804;14
C13050002742;31052013;43363201;11
C13050002742;31052013;42127401;4
C13050002742;31052013;42127402;4
C13050002742;31052013;42127403;4
C13050002742;31052013;42127404;4
C13050002742;31052013;BR10000092;157
