C13070006034;06082013;52116002;14
C13070006034;06082013;43979215;12
C13070006034;06082013;43979001;7
C13070006034;06082013;44917601;18
C13070006034;06082013;44315126;1
C13070006034;06082013;44315127;1
C13070006034;06082013;44318501;1
C13070006034;06082013;44318502;3
C13070006034;06082013;44318503;3
C13070006034;06082013;44315101;3
C13070006034;06082013;44315102;3
C13070006034;06082013;44315103;3
C13070006034;06082013;44315104;6
C13070006034;06082013;44318601;1
C13070006034;06082013;44318602;1
C13070006034;06082013;44318603;1
C13070006034;06082013;44318604;2
C13070006034;06082013;43854901;23
C13070006034;06082013;43979101;2
