C13050004362;31052013;44064013;2
C13050004362;31052013;44064014;2
C13050004362;31052013;44064015;2
C13050004362;31052013;44064016;2
C13050004362;31052013;43459301;1
C13050004362;31052013;43459302;1
C13050004362;31052013;43459303;3
C13050004362;31052013;43459304;3
C13050004362;31052013;43449708;1
C13050004362;31052013;44035534;2
C13050004362;31052013;44035535;2
C13050004362;31052013;44035536;2
C13050004362;31052013;44036044;1
C13050004362;31052013;44250709;1
C13050004362;31052013;44250710;1
C13050004362;31052013;44250711;1
C13050004362;31052013;44250716;2
C13050004362;31052013;43979201;1
