C13060002192;01072013;43979001;4
C13060002192;01072013;43501901;4
C13060002192;01072013;43979215;6
C13060002192;01072013;44064013;4
C13060002192;01072013;44064014;4
C13060002192;01072013;44064015;4
C13060002192;01072013;44064016;6
C13060002192;01072013;43913801;2
C13060002192;01072013;43913802;2
C13060002192;01072013;43913803;3
C13060002192;01072013;43913804;1
C13060002192;01072013;41963001;1
C13060002192;01072013;41963002;2
C13060002192;01072013;41963003;1
C13060002192;01072013;41963004;1
C13060002192;01072013;44494201;1
C13060002192;01072013;44059213;1
C13060002192;01072013;44059214;3
C13060002192;01072013;44059215;2
C13060002192;01072013;44059216;3
C13060002192;01072013;44318601;2
C13060002192;01072013;44318602;1
C13060002192;01072013;44318603;1
C13060002192;01072013;44318604;1
C13060002192;01072013;42918101;2
C13060002192;01072013;42918102;2
C13060002192;01072013;42918103;4
C13060002192;01072013;42918104;6
C13060002192;01072013;50231970;1
C13060002192;01072013;42931701;1
C13060002192;01072013;BR10000092;4
