C13040003606;07052013;44064013;2
C13040003606;07052013;44064014;2
C13040003606;07052013;44064015;2
C13040003606;07052013;44064016;2
C13040003606;07052013;44059213;7
C13040003606;07052013;44059214;3
C13040003606;07052013;44059215;7
C13040003606;07052013;44059216;11
C13040003606;07052013;44035533;1
C13040003606;07052013;44035534;1
C13040003606;07052013;44035535;1
C13040003606;07052013;44035536;2
C13040003606;07052013;44036041;1
C13040003606;07052013;44036042;1
C13040003606;07052013;44036043;2
C13040003606;07052013;44036044;2
C13040003606;07052013;43459301;1
C13040003606;07052013;43459302;1
C13040003606;07052013;43459303;1
C13040003606;07052013;43459304;1
C13040003606;07052013;43381717;1
C13040003606;07052013;43381718;1
C13040003606;07052013;43381719;1
C13040003606;07052013;43381720;2
C13040003606;07052013;44318601;2
C13040003606;07052013;44318602;2
C13040003606;07052013;44318603;2
C13040003606;07052013;44318604;3
C13040003606;07052013;43865717;1
C13040003606;07052013;43865718;1
C13040003606;07052013;43865719;2
C13040003606;07052013;43865720;2
C13040003606;07052013;42918981;1
C13040003606;07052013;42918982;1
C13040003606;07052013;42918983;1
C13040003606;07052013;42918984;1
C13040003606;07052013;42869401;2
C13040003606;07052013;43979215;6
C13040003606;07052013;42931701;1
C13040003606;07052013;42918101;1
C13040003606;07052013;41963001;1
C13040003606;07052013;41963002;1
C13040003606;07052013;41963003;1
C13040003606;07052013;41963004;1
C13040003606;07052013;BR10000092;2
