C13060004993;01072013;44036041;6
C13060004993;01072013;44036042;6
C13060004993;01072013;44036043;6
C13060004993;01072013;44036044;7
C13060004993;01072013;42869401;3
C13060004993;01072013;44035533;2
C13060004993;01072013;44035534;2
C13060004993;01072013;44035535;2
C13060004993;01072013;44035536;2
C13060004993;01072013;43913801;1
C13060004993;01072013;43913802;1
C13060004993;01072013;43913803;1
C13060004993;01072013;43913804;1
C13060004993;01072013;44318501;2
C13060004993;01072013;44318502;1
C13060004993;01072013;44318503;2
C13060004993;01072013;44318504;4
C13060004993;01072013;42931602;1
C13060004993;01072013;44318601;5
C13060004993;01072013;44318602;4
C13060004993;01072013;44318603;6
C13060004993;01072013;44318604;7
C13060004993;01072013;43363201;1
C13060004993;01072013;43460204;1
C13060004993;01072013;43363421;3
C13060004993;01072013;BR10000092;13
