C13060002605;01072013;44318601;28
C13060002605;01072013;44318602;28
C13060002605;01072013;44318603;29
C13060002605;01072013;44318604;29
C13060002605;01072013;44315341;1
C13060002605;01072013;44315342;1
C13060002605;01072013;44315344;1
C13060002605;01072013;52116002;4
C13060002605;01072013;43865717;1
C13060002605;01072013;43865718;3
C13060002605;01072013;43865719;1
C13060002605;01072013;43865720;5
C13060002605;01072013;43502301;2
C13060002605;01072013;43502001;2
C13060002605;01072013;43363421;1
C13060002605;01072013;43363201;4
C13060002605;01072013;42127403;1
C13060002605;01072013;42126603;2
C13060002605;01072013;44917601;1
C13060002605;01072013;44469801;3
C13060002605;01072013;44469701;2
C13060002605;01072013;44469702;3
C13060002605;01072013;44469703;3
