C13050005091;31052013;43381701;4
C13050005091;31052013;43381702;4
C13050005091;31052013;43381703;4
C13050005091;31052013;43381704;4
C13050005091;31052013;52116002;15
C13050005091;31052013;44917601;13
C13050005091;31052013;44574901;17
C13050005091;31052013;44574301;1
C13050005091;31052013;44064013;1
C13050005091;31052013;44064014;1
C13050005091;31052013;44064015;1
C13050005091;31052013;44064016;1
C13050005091;31052013;43979001;22
C13050005091;31052013;43979215;18
C13050005091;31052013;44318601;3
C13050005091;31052013;44318602;3
C13050005091;31052013;44318603;3
C13050005091;31052013;44318604;3
C13050005091;31052013;42931701;1
C13050005091;31052013;42918101;1
C13050005091;31052013;42918102;1
C13050005091;31052013;42918103;1
C13050005091;31052013;42918104;1
C13050005091;31052013;44036041;2
C13050005091;31052013;44036042;2
C13050005091;31052013;44036043;2
C13050005091;31052013;44036044;2
C13050005091;31052013;43459301;2
C13050005091;31052013;43459302;2
C13050005091;31052013;43459303;2
C13050005091;31052013;43459304;2
C13050005091;31052013;44059213;3
C13050005091;31052013;44059214;3
C13050005091;31052013;44059215;3
C13050005091;31052013;44059216;5
