C13060005612;01072013;44318601;4
C13060005612;01072013;44318602;5
C13060005612;01072013;44318603;5
C13060005612;01072013;44318604;6
C13060005612;01072013;44318501;2
C13060005612;01072013;44318502;2
C13060005612;01072013;44318503;2
C13060005612;01072013;44318504;2
C13060005612;01072013;43363201;3
C13060005612;01072013;43979201;28
C13060005612;01072013;43979101;21
C13060005612;01072013;43979215;4
C13060005612;01072013;44036041;3
C13060005612;01072013;44036042;3
C13060005612;01072013;44036043;3
C13060005612;01072013;44036044;3
C13060005612;01072013;44035533;1
C13060005612;01072013;44035534;1
C13060005612;01072013;44035535;1
C13060005612;01072013;44035536;1
C13060005612;01072013;42931701;2
