C13020005590;25022013;44574301;8
C13020005590;25022013;44574901;10
C13020005590;25022013;43979001;20
C13020005590;25022013;52116002;6
C13020005590;25022013;44318601;8
C13020005590;25022013;44318602;8
C13020005590;25022013;44318603;8
C13020005590;25022013;44318604;8
C13020005590;25022013;44059213;2
C13020005590;25022013;44059214;2
C13020005590;25022013;44059215;4
C13020005590;25022013;44059216;3
C13020005590;25022013;44494201;1
C13020005590;25022013;43979215;8
C13020005590;25022013;44035533;2
C13020005590;25022013;44035534;2
C13020005590;25022013;44035535;2
C13020005590;25022013;44035536;2
C13020005590;25022013;43381717;3
C13020005590;25022013;43381718;3
C13020005590;25022013;43381719;3
C13020005590;25022013;43381720;3
C13020005590;25022013;44064013;1
C13020005590;25022013;44064014;1
C13020005590;25022013;44064015;1
C13020005590;25022013;44064016;1
