C13080014765;13092013;44064013;8
C13080014765;13092013;44064014;8
C13080014765;13092013;44064015;8
C13080014765;13092013;44064016;9
C13080014765;13092013;43979001;38
C13080014765;13092013;43487733;5
C13080014765;13092013;43487734;4
C13080014765;13092013;43487735;3
C13080014765;13092013;43487736;3
C13080014765;13092013;44036041;7
C13080014765;13092013;44036042;7
C13080014765;13092013;44036043;7
C13080014765;13092013;44036044;7
C13080014765;13092013;44318601;3
C13080014765;13092013;44318602;3
C13080014765;13092013;44318603;3
C13080014765;13092013;44318604;3
C13080014765;13092013;44318501;2
C13080014765;13092013;44318502;2
C13080014765;13092013;44318503;2
C13080014765;13092013;44318504;2
C13080014765;13092013;42931701;6
C13080014765;13092013;44469701;4
C13080014765;13092013;44469702;4
C13080014765;13092013;44469703;2
C13080014765;13092013;44469802;2
C13080014765;13092013;43979201;9
C13080014765;13092013;43363421;4
C13080014765;13092013;43381717;1
C13080014765;13092013;43381718;1
C13080014765;13092013;43381719;1
C13080014765;13092013;43381720;2
C13080014765;13092013;BR10000092;104
