C13030009008;11042013;42869401;1
C13030009008;11042013;43363421;1
C13030009008;11042013;42931701;1
C13030009008;11042013;41963001;1
C13030009008;11042013;41963002;1
C13030009008;11042013;41963003;1
C13030009008;11042013;41963004;1
C13030009008;11042013;44059213;1
C13030009008;11042013;44059214;1
C13030009008;11042013;44059215;1
C13030009008;11042013;44059216;1
C13030009008;11042013;43979201;3
C13030009008;11042013;43979001;1
C13030009008;11042013;44318601;1
C13030009008;11042013;44318602;1
C13030009008;11042013;44318603;1
C13030009008;11042013;44318604;1
C13030009008;11042013;44064013;1
C13030009008;11042013;44064014;1
C13030009008;11042013;44064015;1
C13030009008;11042013;44064016;1
C13030009008;11042013;41962801;1
C13030009008;11042013;41962802;1
C13030009008;11042013;41962803;1
C13030009008;11042013;41962804;1
