C13030009601;11042013;44318601;10
C13030009601;11042013;44318602;10
C13030009601;11042013;44318603;10
C13030009601;11042013;44318604;10
C13030009601;11042013;43324401;7
C13030009601;11042013;43324402;7
C13030009601;11042013;43324403;7
C13030009601;11042013;43324404;7
C13030009601;11042013;52116002;13
C13030009601;11042013;43979001;22
C13030009601;11042013;43979215;28
C13030009601;11042013;44064013;6
C13030009601;11042013;44064014;6
C13030009601;11042013;44064015;6
C13030009601;11042013;44064016;6
C13030009601;11042013;50231970;8
C13030009601;11042013;44574901;15
C13030009601;11042013;44574301;7
C13030009601;11042013;44059213;3
C13030009601;11042013;44059214;3
C13030009601;11042013;44059215;3
C13030009601;11042013;44059216;3
C13030009601;11042013;44036041;1
C13030009601;11042013;44036042;1
C13030009601;11042013;44036043;1
C13030009601;11042013;44036044;1
C13030009601;11042013;44035533;1
C13030009601;11042013;44035534;1
C13030009601;11042013;44035535;1
C13030009601;11042013;44035536;1
C13030009601;11042013;44494201;1
C13030009601;11042013;43979101;8
C13030009601;11042013;44469801;5
C13030009601;11042013;44318501;3
C13030009601;11042013;44318502;3
C13030009601;11042013;44318503;3
C13030009601;11042013;44318504;3
