C13050005504;31052013;44318601;4
C13050005504;31052013;44318602;6
C13050005504;31052013;44318603;8
C13050005504;31052013;44318604;12
C13050005504;31052013;52116002;9
C13050005504;31052013;44036041;2
C13050005504;31052013;44036042;1
C13050005504;31052013;44036043;1
C13050005504;31052013;42127402;4
C13050005504;31052013;42127403;3
C13050005504;31052013;42918981;1
C13050005504;31052013;42918982;1
C13050005504;31052013;42918983;1
C13050005504;31052013;42918984;1
C13050005504;31052013;42126602;1
C13050005504;31052013;42126604;1
