C13030009946;11042013;41963001;10
C13030009946;11042013;41963002;10
C13030009946;11042013;41963003;10
C13030009946;11042013;41963004;10
C13030009946;11042013;43979001;60
C13030009946;11042013;43913801;28
C13030009946;11042013;43913802;28
C13030009946;11042013;43913803;28
C13030009946;11042013;43913804;28
C13030009946;11042013;41962801;8
C13030009946;11042013;41962802;8
C13030009946;11042013;41962803;8
C13030009946;11042013;41962804;8
C13030009946;11042013;44494201;5
C13030009946;11042013;44064013;12
C13030009946;11042013;44064014;12
C13030009946;11042013;44064015;12
C13030009946;11042013;44064016;12
C13030009946;11042013;43502001;190
C13030009946;11042013;52116002;11
C13030009946;11042013;44574901;30
C13030009946;11042013;44318601;10
C13030009946;11042013;44318602;10
C13030009946;11042013;44318603;11
C13030009946;11042013;44318604;11
C13030009946;11042013;44917601;37
C13030009946;11042013;43979215;50
C13030009946;11042013;43459301;7
C13030009946;11042013;43459302;7
C13030009946;11042013;43459303;7
C13030009946;11042013;43459304;7
C13030009946;11042013;44469801;18
C13030009946;11042013;43979201;90
C13030009946;11042013;41945521;2
C13030009946;11042013;44469701;3
C13030009946;11042013;44469702;3
C13030009946;11042013;44469703;3
C13030009946;11042013;44469802;3
C13030009946;11042013;44059213;5
C13030009946;11042013;44059214;5
C13030009946;11042013;44059215;5
C13030009946;11042013;44059216;5
C13030009946;11042013;44036041;8
C13030009946;11042013;44036042;8
C13030009946;11042013;44036043;10
C13030009946;11042013;44036044;10
C13030009946;11042013;44035533;8
C13030009946;11042013;44035534;8
C13030009946;11042013;44035535;8
C13030009946;11042013;44035536;11
C13030009946;11042013;42931701;3
