C13060003598;16072013;44036041;3
C13060003598;16072013;44036042;3
C13060003598;16072013;44036043;3
C13060003598;16072013;44036044;4
C13060003598;16072013;44574901;42
C13060003598;16072013;44917601;76
C13060003598;16072013;43979201;17
C13060003598;16072013;43324401;5
C13060003598;16072013;43324402;5
C13060003598;16072013;43324403;5
C13060003598;16072013;43324404;6
C13060003598;16072013;44318601;9
C13060003598;16072013;44318602;6
C13060003598;16072013;44318603;7
C13060003598;16072013;44318604;10
C13060003598;16072013;43979001;18
C13060003598;16072013;44318501;4
C13060003598;16072013;44318502;4
C13060003598;16072013;44318503;3
C13060003598;16072013;44318504;3
C13060003598;16072013;52116002;48
C13060003598;16072013;BR10000092;100
C13060003598;16072013;44574301;19
