C13040002545;07052013;43381717;2
C13040002545;07052013;43381718;2
C13040002545;07052013;43381719;2
C13040002545;07052013;43381720;3
C13040002545;07052013;44318601;3
C13040002545;07052013;44318602;4
C13040002545;07052013;44318603;5
C13040002545;07052013;44318604;3
C13040002545;07052013;44059213;2
C13040002545;07052013;44059214;2
C13040002545;07052013;44059215;2
C13040002545;07052013;44059216;2
C13040002545;07052013;44574301;2
C13040002545;07052013;44469701;1
C13040002545;07052013;44469702;1
C13040002545;07052013;44469703;1
C13040002545;07052013;44469802;2
C13040002545;07052013;43979001;5
C13040002545;07052013;43979215;4
C13040002545;07052013;BR10000092;8
