C13090008059;15102013;44844509;1
C13090008059;15102013;44844510;1
C13090008059;15102013;44844511;1
C13090008059;15102013;44844512;3
C13090008059;15102013;44917601;32
C13090008059;15102013;43865717;3
C13090008059;15102013;43865718;3
C13090008059;15102013;43865719;2
C13090008059;15102013;43865720;2
C13090008059;15102013;44318601;2
C13090008059;15102013;44318602;2
C13090008059;15102013;44318603;3
C13090008059;15102013;44318604;5
C13090008059;15102013;43979215;7
C13090008059;15102013;43979001;8
C13090008059;15102013;44315101;1
C13090008059;15102013;44315102;1
C13090008059;15102013;44315103;1
C13090008059;15102013;44315104;1
C13090008059;15102013;44318501;2
C13090008059;15102013;44318502;1
C13090008059;15102013;44318503;2
C13090008059;15102013;44318504;2
C13090008059;15102013;44574301;9
C13090008059;15102013;52116002;6
C13090008059;15102013;BR10000092;44
