C13080011901;02092013;44917601;216
C13080011901;02092013;44574301;3
C13080011901;02092013;43979001;168
C13080011901;02092013;43979201;70
C13080011901;02092013;44036041;51
C13080011901;02092013;44036042;51
C13080011901;02092013;44036043;52
C13080011901;02092013;44036044;52
C13080011901;02092013;44035533;3
C13080011901;02092013;44035534;3
C13080011901;02092013;44035535;3
C13080011901;02092013;44035536;3
C13080011901;02092013;43487733;4
C13080011901;02092013;43487734;4
C13080011901;02092013;43487735;4
C13080011901;02092013;43487736;6
C13080011901;02092013;43502001;96
C13080011901;02092013;42869401;2
C13080011901;02092013;42931701;3
C13080011901;02092013;44059109;9
C13080011901;02092013;44059110;9
C13080011901;02092013;44059111;9
C13080011901;02092013;44059112;9
C13080011901;02092013;44318601;5
C13080011901;02092013;44318602;5
C13080011901;02092013;44318603;5
C13080011901;02092013;44318604;7
C13080011901;02092013;41963001;4
C13080011901;02092013;41963002;8
C13080011901;02092013;41963003;9
C13080011901;02092013;41963004;11
C13080011901;02092013;42102901;17
C13080011901;02092013;41962801;3
C13080011901;02092013;41962802;3
C13080011901;02092013;41962803;3
C13080011901;02092013;41962804;7
C13080011901;02092013;43979101;26
C13080011901;02092013;43501901;36
C13080011901;02092013;44494201;5
C13080011901;02092013;52116002;1
C13080011901;02092013;44469701;21
C13080011901;02092013;44469702;21
C13080011901;02092013;44469703;22
C13080011901;02092013;44469802;23
C13080011901;02092013;43381717;1
C13080011901;02092013;43381718;1
C13080011901;02092013;43381719;1
C13080011901;02092013;43381720;1
C13080011901;02092013;44064013;2
C13080011901;02092013;44064014;2
C13080011901;02092013;44064015;1
C13080011901;02092013;44064016;2
C13080011901;02092013;BR10000092;28
C13080011901;02092013;43324417;6
C13080011901;02092013;43324418;6
C13080011901;02092013;43324419;6
C13080011901;02092013;43324420;6
C13080011901;02092013;43979215;37
C13080011901;02092013;44469801;30
