C13070004503;19072013;43381701;1
C13070004503;19072013;43381702;2
C13070004503;19072013;43381703;1
C13070004503;19072013;43381704;1
C13070004503;19072013;43381717;5
C13070004503;19072013;43381718;1
C13070004503;19072013;43381719;1
C13070004503;19072013;43381720;2
C13070004503;19072013;44289101;2
C13070004503;19072013;43363201;1
C13070004503;19072013;44318503;1
C13070004503;19072013;44318504;1
C13070004503;19072013;44494201;2
C13070004503;19072013;44059213;1
C13070004503;19072013;44059214;1
C13070004503;19072013;44059215;1
C13070004503;19072013;44059216;2
C13070004503;19072013;43979001;3
C13070004503;19072013;43979215;4
C13070004503;19072013;43865718;1
C13070004503;19072013;44469802;1
C13070004503;19072013;43501901;2
C13070004503;19072013;43363421;2
C13070004503;19072013;44341901;2
C13070004503;19072013;44472201;1
C13070004503;19072013;44469719;3
C13070004503;19072013;44469720;1
C13070004503;19072013;44469721;3
C13070004503;19072013;43459301;3
C13070004503;19072013;43459302;3
C13070004503;19072013;43459303;3
C13070004503;19072013;43459304;4
