C13070010651;09082013;44064013;5
C13070010651;09082013;44064014;5
C13070010651;09082013;44064015;5
C13070010651;09082013;44064016;5
C13070010651;09082013;44059213;7
C13070010651;09082013;44059214;7
C13070010651;09082013;44059215;5
C13070010651;09082013;44059216;5
C13070010651;09082013;52116002;38
C13070010651;09082013;43854901;1
C13070010651;09082013;43979001;61
C13070010651;09082013;44318501;2
C13070010651;09082013;44318502;2
C13070010651;09082013;44318503;2
C13070010651;09082013;44318504;2
C13070010651;09082013;44917601;79
C13070010651;09082013;44574301;4
C13070010651;09082013;44574901;24
C13070010651;09082013;43979215;78
C13070010651;09082013;56115001;3
C13070010651;09082013;43979201;118
C13070010651;09082013;43979101;19
C13070010651;09082013;43487733;2
C13070010651;09082013;43487734;2
C13070010651;09082013;43487735;3
C13070010651;09082013;43487736;3
C13070010651;09082013;44036041;12
C13070010651;09082013;44036042;12
C13070010651;09082013;44036043;12
C13070010651;09082013;44036044;12
C13070010651;09082013;44469801;15
C13070010651;09082013;44035533;2
C13070010651;09082013;44035534;2
C13070010651;09082013;44035535;2
C13070010651;09082013;44035536;3
C13070010651;09082013;43502001;22
C13070010651;09082013;44318601;3
C13070010651;09082013;44318602;2
C13070010651;09082013;44318603;2
C13070010651;09082013;44318604;3
C13070010651;09082013;43324417;3
C13070010651;09082013;43324418;3
C13070010651;09082013;43324419;3
C13070010651;09082013;43324420;5
C13070010651;09082013;41963001;1
C13070010651;09082013;41963004;1
C13070010651;09082013;42918102;1
C13070010651;09082013;43459301;8
C13070010651;09082013;43459302;8
C13070010651;09082013;43459303;8
C13070010651;09082013;43459304;8
C13070010651;09082013;44469701;4
C13070010651;09082013;44469702;4
C13070010651;09082013;44469703;4
C13070010651;09082013;44469802;4
C13070010651;09082013;42931602;1
C13070010651;09082013;42102901;7
C13070010651;09082013;BR10000092;14
