C13070008088;07082013;52116002;3
C13070008088;07082013;44064013;1
C13070008088;07082013;44064014;1
C13070008088;07082013;44064015;1
C13070008088;07082013;44064016;2
C13070008088;07082013;43866101;1
C13070008088;07082013;43866102;1
C13070008088;07082013;43866103;1
C13070008088;07082013;43866104;1
C13070008088;07082013;42377801;10
C13070008088;07082013;44318604;1
C13070008088;07082013;43529404;1
C13070008088;07082013;44059213;1
C13070008088;07082013;44059214;2
C13070008088;07082013;44059215;1
C13070008088;07082013;44059216;1
C13070008088;07082013;43913801;1
C13070008088;07082013;43913802;1
C13070008088;07082013;43913803;1
C13070008088;07082013;43913804;1
C13070008088;07082013;43865717;1
C13070008088;07082013;43865719;1
C13070008088;07082013;43865720;1
