C13070005810;19072013;42869401;1
C13070005810;19072013;42931602;1
C13070005810;19072013;44318501;2
C13070005810;19072013;44318502;2
C13070005810;19072013;44318503;2
C13070005810;19072013;44318504;2
C13070005810;19072013;43913801;1
C13070005810;19072013;43913802;1
C13070005810;19072013;43913803;1
C13070005810;19072013;43913804;1
C13070005810;19072013;44318601;7
C13070005810;19072013;44318602;7
C13070005810;19072013;44318603;7
C13070005810;19072013;44318604;7
C13070005810;19072013;44341901;2
C13070005810;19072013;43854901;1
C13070005810;19072013;43979215;2
C13070005810;19072013;44036041;8
C13070005810;19072013;44036042;4
C13070005810;19072013;44036043;4
C13070005810;19072013;44036044;7
C13070005810;19072013;44035533;4
C13070005810;19072013;44035534;5
C13070005810;19072013;44035535;4
C13070005810;19072013;44035536;6
C13070005810;19072013;BR10000092;23
