C13060005450;16072013;43979215;42
C13060005450;16072013;43979201;10
C13060005450;16072013;44574301;6
C13060005450;16072013;44315101;2
C13060005450;16072013;44315102;1
C13060005450;16072013;44315103;1
C13060005450;16072013;44315104;3
C13060005450;16072013;44315301;2
C13060005450;16072013;44315302;2
C13060005450;16072013;44315303;2
C13060005450;16072013;44315304;2
C13060005450;16072013;44917601;57
C13060005450;16072013;52116002;20
C13060005450;16072013;43979001;20
C13060005450;16072013;44469701;7
C13060005450;16072013;44469702;7
C13060005450;16072013;44469703;6
C13060005450;16072013;44469801;7
C13060005450;16072013;44574901;29
C13060005450;16072013;43979101;4
C13060005450;16072013;42102901;9
C13060005450;16072013;43502001;6
C13060005450;16072013;44494201;1
C13060005450;16072013;44059109;1
C13060005450;16072013;44059110;1
C13060005450;16072013;44059111;1
C13060005450;16072013;44059112;1
C13060005450;16072013;44064013;1
C13060005450;16072013;44064014;1
C13060005450;16072013;44064015;1
C13060005450;16072013;44064016;1
C13060005450;16072013;43459301;5
C13060005450;16072013;43459302;5
C13060005450;16072013;43459303;5
C13060005450;16072013;43459304;6
C13060005450;16072013;43460201;2
C13060005450;16072013;43460202;2
C13060005450;16072013;43460203;2
C13060005450;16072013;43460204;2
C13060005450;16072013;BR10000092;168
