C13050007205;01072013;43324401;18
C13050007205;01072013;43324402;18
C13050007205;01072013;43324403;18
C13050007205;01072013;43324404;18
C13050007205;01072013;42918981;2
C13050007205;01072013;42918982;2
C13050007205;01072013;42918983;2
C13050007205;01072013;42918984;2
C13050007205;01072013;44036041;1
C13050007205;01072013;44036042;1
C13050007205;01072013;44036043;2
C13050007205;01072013;44036044;2
C13050007205;01072013;43381717;3
C13050007205;01072013;43381718;3
C13050007205;01072013;43381719;3
C13050007205;01072013;43381720;3
