C13030001708;11042013;44064015;2
C13030001708;11042013;44064016;2
C13030001708;11042013;44574301;8
C13030001708;11042013;44318503;30
C13030001708;11042013;44064014;2
C13030001708;11042013;43381719;20
C13030001708;11042013;43381720;76
C13030001708;11042013;43979001;80
C13030001708;11042013;44059216;70
C13030001708;11042013;41962804;8
C13030001708;11042013;41962803;8
C13030001708;11042013;41962802;8
C13030001708;11042013;44059215;5
C13030001708;11042013;44059214;3
C13030001708;11042013;42869401;3
C13030001708;11042013;43913804;70
C13030001708;11042013;43865717;2
C13030001708;11042013;43865718;2
C13030001708;11042013;43865720;2
C13030001708;11042013;44059110;5
C13030001708;11042013;44059109;10
C13030001708;11042013;44059112;10
C13030001708;11042013;44059111;10
C13030001708;11042013;42931602;20
