C13060007909;01072013;44059109;8
C13060007909;01072013;44059110;10
C13060007909;01072013;44059111;8
C13060007909;01072013;44059112;15
C13060007909;01072013;44064013;3
C13060007909;01072013;44064014;3
C13060007909;01072013;44064015;3
C13060007909;01072013;44064016;3
C13060007909;01072013;43502001;87
C13060007909;01072013;44494201;5
C13060007909;01072013;52116002;102
C13060007909;01072013;44469801;41
C13060007909;01072013;44469701;9
C13060007909;01072013;44469702;9
C13060007909;01072013;44469703;9
C13060007909;01072013;44469802;14
C13060007909;01072013;44574301;12
C13060007909;01072013;44917601;20
C13060007909;01072013;44036041;5
C13060007909;01072013;44036042;8
C13060007909;01072013;44036043;8
C13060007909;01072013;44036044;8
C13060007909;01072013;43979201;15
C13060007909;01072013;43979001;36
C13060007909;01072013;43979215;38
C13060007909;01072013;44059213;8
C13060007909;01072013;44059214;8
C13060007909;01072013;44059215;7
C13060007909;01072013;44059216;11
C13060007909;01072013;44574901;26
C13060007909;01072013;44035533;4
C13060007909;01072013;44035534;4
C13060007909;01072013;44035535;4
C13060007909;01072013;44035536;5
C13060007909;01072013;44318601;5
C13060007909;01072013;44318602;6
C13060007909;01072013;44318603;6
C13060007909;01072013;44318604;12
C13060007909;01072013;43865717;1
C13060007909;01072013;43865718;1
C13060007909;01072013;43865719;1
C13060007909;01072013;43865720;1
C13060007909;01072013;BR10000092;21
