C13010009975;18022013;44318601;6
C13010009975;18022013;44318602;6
C13010009975;18022013;44318603;6
C13010009975;18022013;44318604;8
C13010009975;18022013;43979001;26
C13010009975;18022013;43979215;18
C13010009975;18022013;43381717;3
C13010009975;18022013;43381718;3
C13010009975;18022013;43381719;3
C13010009975;18022013;43381720;3
C13010009975;18022013;43363421;1
C13010009975;18022013;44064013;4
C13010009975;18022013;44064014;4
C13010009975;18022013;44064015;4
C13010009975;18022013;44064016;4
C13010009975;18022013;44917601;18
C13010009975;18022013;43324401;2
C13010009975;18022013;43324402;3
C13010009975;18022013;43324403;3
C13010009975;18022013;43324404;3
C13010009975;18022013;42918101;3
C13010009975;18022013;42918102;3
C13010009975;18022013;42918103;2
C13010009975;18022013;42918104;2
C13010009975;18022013;43459301;4
C13010009975;18022013;43459302;3
C13010009975;18022013;43459303;4
C13010009975;18022013;43459304;2
C13010009975;18022013;44059213;2
C13010009975;18022013;44059214;2
C13010009975;18022013;44059215;2
C13010009975;18022013;44059216;4
