C13090001470;20092013;43865717;15
C13090001470;20092013;43865718;15
C13090001470;20092013;43865719;15
C13090001470;20092013;43865720;19
C13090001470;20092013;43460201;1
C13090001470;20092013;43460202;2
C13090001470;20092013;43460203;2
C13090001470;20092013;43460204;1
C13090001470;20092013;43381717;7
C13090001470;20092013;43381718;7
C13090001470;20092013;43381719;8
C13090001470;20092013;43381720;12
C13090001470;20092013;43363421;4
C13090001470;20092013;43363201;7
C13090001470;20092013;43459301;2
C13090001470;20092013;43459302;2
C13090001470;20092013;43459303;2
C13090001470;20092013;43459304;2
C13090001470;20092013;44917601;23
C13090001470;20092013;BR10000092;36
