C13010002296;01032013;44064013;8
C13010002296;01032013;44064014;8
C13010002296;01032013;44064015;8
C13010002296;01032013;44064016;10
C13010002296;01032013;44318601;20
C13010002296;01032013;44318602;20
C13010002296;01032013;44318603;20
C13010002296;01032013;44318604;22
C13010002296;01032013;43502001;78
C13010002296;01032013;44059213;13
C13010002296;01032013;44059214;13
C13010002296;01032013;44059215;13
C13010002296;01032013;44059216;10
C13010002296;01032013;43913801;6
C13010002296;01032013;43913802;6
C13010002296;01032013;43913803;6
C13010002296;01032013;43913804;12
C13010002296;01032013;42931602;3
C13010002296;01032013;43979215;38
C13010002296;01032013;43979001;32
C13010002296;01032013;44059109;7
C13010002296;01032013;44059110;7
C13010002296;01032013;44059111;7
C13010002296;01032013;44059112;4
C13010002296;01032013;44574901;21
C13010002296;01032013;43459401;8
C13010002296;01032013;43459402;8
C13010002296;01032013;43459403;8
C13010002296;01032013;43459404;13
C13010002296;01032013;43979201;55
C13010002296;01032013;44917601;18
C13010002296;01032013;41963001;3
C13010002296;01032013;41963002;3
C13010002296;01032013;41963003;3
C13010002296;01032013;41963004;3
C13010002296;01032013;43363421;2
C13010002296;01032013;44318501;4
C13010002296;01032013;44318502;4
C13010002296;01032013;44318503;4
C13010002296;01032013;44318504;4
