C13050001002;31052013;42931701;4
C13050001002;31052013;42869401;5
C13050001002;31052013;43501901;4
C13050001002;31052013;43979001;12
C13050001002;31052013;44574301;3
C13050001002;31052013;43363421;2
C13050001002;31052013;44035533;2
C13050001002;31052013;44035534;2
C13050001002;31052013;44035535;1
C13050001002;31052013;44035536;4
C13050001002;31052013;44059109;1
C13050001002;31052013;44059110;1
C13050001002;31052013;44059111;1
C13050001002;31052013;44059112;1
C13050001002;31052013;44064013;2
C13050001002;31052013;44064014;1
C13050001002;31052013;44064015;1
C13050001002;31052013;44064016;1
C13050001002;31052013;52116002;2
C13050001002;31052013;43459301;3
C13050001002;31052013;43459302;2
C13050001002;31052013;43459303;4
C13050001002;31052013;43459304;5
C13050001002;31052013;43363201;2
C13050001002;31052013;43913801;1
C13050001002;31052013;43913802;1
C13050001002;31052013;43913803;2
C13050001002;31052013;43913804;3
C13050001002;31052013;44318601;1
C13050001002;31052013;44318602;1
C13050001002;31052013;44318603;1
C13050001002;31052013;44318604;2
C13050001002;31052013;42127401;1
C13050001002;31052013;42127402;1
C13050001002;31052013;42127403;1
C13050001002;31052013;42127404;3
C13050001002;31052013;42918101;2
C13050001002;31052013;42918102;3
C13050001002;31052013;42918103;1
C13050001002;31052013;42918104;4
C13050001002;31052013;42126601;2
C13050001002;31052013;42126602;2
C13050001002;31052013;42126603;1
C13050001002;31052013;42126604;1
C13050001002;31052013;43502001;12
C13050001002;31052013;42102901;7
C13050001002;31052013;BR10000092;18
C13050001002;31052013;44469801;9
C13050001002;31052013;44917601;5
C13050001002;31052013;42931602;1
