C13060005370;16072013;43979215;37
C13060005370;16072013;52123603;1
C13060005370;16072013;43979001;14
C13060005370;16072013;44917601;8
C13060005370;16072013;44315341;2
C13060005370;16072013;44315342;2
C13060005370;16072013;44315343;3
C13060005370;16072013;44315344;3
C13060005370;16072013;44035533;1
C13060005370;16072013;44035534;1
C13060005370;16072013;44035535;2
C13060005370;16072013;44035536;3
C13060005370;16072013;44036041;1
C13060005370;16072013;44036042;1
C13060005370;16072013;44036043;1
C13060005370;16072013;44036044;1
