C13040010998;07052013;43979215;46
C13040010998;07052013;43979001;28
C13040010998;07052013;44059213;2
C13040010998;07052013;44059214;1
C13040010998;07052013;44059215;1
C13040010998;07052013;44059216;3
C13040010998;07052013;43324401;6
C13040010998;07052013;43324402;6
C13040010998;07052013;43324403;6
C13040010998;07052013;43324404;6
C13040010998;07052013;44469701;1
C13040010998;07052013;44469702;1
C13040010998;07052013;44469703;1
C13040010998;07052013;44469802;1
C13040010998;07052013;44469801;12
C13040010998;07052013;52116002;22
C13040010998;07052013;43913801;4
C13040010998;07052013;43913802;4
C13040010998;07052013;43913803;4
C13040010998;07052013;43913804;6
C13040010998;07052013;43979101;3
C13040010998;07052013;44036041;1
C13040010998;07052013;44036042;1
C13040010998;07052013;44036043;2
C13040010998;07052013;44036044;4
C13040010998;07052013;44574301;2
C13040010998;07052013;44917601;4
C13040010998;07052013;44318601;1
C13040010998;07052013;44318602;2
C13040010998;07052013;44318603;1
C13040010998;07052013;44318604;2
