C13090007168;01102013;43979001;104
C13090007168;01102013;43979201;150
C13090007168;01102013;43502001;110
C13090007168;01102013;44036041;22
C13090007168;01102013;44036042;22
C13090007168;01102013;44036043;22
C13090007168;01102013;44036044;22
C13090007168;01102013;43913801;3
C13090007168;01102013;43913802;3
C13090007168;01102013;43913803;3
C13090007168;01102013;43913804;3
C13090007168;01102013;44494201;5
C13090007168;01102013;43381717;1
C13090007168;01102013;43381718;1
C13090007168;01102013;43381719;2
C13090007168;01102013;43381720;2
C13090007168;01102013;52116002;17
C13090007168;01102013;44917601;128
C13090007168;01102013;44059109;6
C13090007168;01102013;44059110;6
C13090007168;01102013;44059111;6
C13090007168;01102013;44059112;7
C13090007168;01102013;42931602;4
C13090007168;01102013;42931701;2
C13090007168;01102013;43979215;96
C13090007168;01102013;42102901;8
C13090007168;01102013;44469801;38
C13090007168;01102013;44469701;10
C13090007168;01102013;44469702;12
C13090007168;01102013;44469703;12
C13090007168;01102013;44469802;13
C13090007168;01102013;43324417;5
C13090007168;01102013;43324418;5
C13090007168;01102013;43324419;5
C13090007168;01102013;43324420;5
C13090007168;01102013;43979101;27
C13090007168;01102013;43363421;1
C13090007168;01102013;BR10000092;12
