C13060001110;01072013;44494201;2
C13060001110;01072013;44469801;8
C13060001110;01072013;44469701;6
C13060001110;01072013;44469702;6
C13060001110;01072013;44469703;6
C13060001110;01072013;44469802;6
C13060001110;01072013;44059213;4
C13060001110;01072013;44059214;5
C13060001110;01072013;44059215;6
C13060001110;01072013;44059216;7
C13060001110;01072013;43865717;7
C13060001110;01072013;43865718;7
C13060001110;01072013;43865719;7
C13060001110;01072013;43865720;9
C13060001110;01072013;43913801;4
C13060001110;01072013;43913802;4
C13060001110;01072013;43913803;4
C13060001110;01072013;43913804;5
C13060001110;01072013;43459301;5
C13060001110;01072013;43459302;5
C13060001110;01072013;43459303;4
C13060001110;01072013;43459304;3
C13060001110;01072013;44064013;2
C13060001110;01072013;44064014;2
C13060001110;01072013;44064015;2
C13060001110;01072013;44064016;2
C13060001110;01072013;BR10000092;71
