C13010010043;18022013;42918981;1
C13010010043;18022013;42918982;1
C13010010043;18022013;42918983;1
C13010010043;18022013;42918984;1
C13010010043;18022013;44064013;1
C13010010043;18022013;44064014;1
C13010010043;18022013;44064015;1
C13010010043;18022013;44064016;1
C13010010043;18022013;44036041;1
C13010010043;18022013;44036042;1
C13010010043;18022013;44036043;1
C13010010043;18022013;44036044;1
C13010010043;18022013;43979101;5
C13010010043;18022013;44035533;1
C13010010043;18022013;42931701;1
C13010010043;18022013;42931602;1
