C13090000821;13092013;44469801;13
C13090000821;13092013;42102901;34
C13090000821;13092013;43487733;4
C13090000821;13092013;43487734;3
C13090000821;13092013;43487735;3
C13090000821;13092013;43487736;2
C13090000821;13092013;44469701;5
C13090000821;13092013;44469702;5
C13090000821;13092013;44469703;5
C13090000821;13092013;44469802;2
C13090000821;13092013;43324401;9
C13090000821;13092013;43324402;9
C13090000821;13092013;43324403;9
C13090000821;13092013;43324404;10
C13090000821;13092013;43381701;8
C13090000821;13092013;43381702;8
C13090000821;13092013;43381703;8
C13090000821;13092013;43381704;8
C13090000821;13092013;43363201;2
C13090000821;13092013;43363421;3
C13090000821;13092013;43865717;8
C13090000821;13092013;43865718;1
C13090000821;13092013;43865719;1
C13090000821;13092013;43865720;1
C13090000821;13092013;BR10000092;28
