C13010002610;26022013;42102801;44
C13010002610;26022013;42102901;52
C13010002610;26022013;44318601;6
C13010002610;26022013;44318602;6
C13010002610;26022013;44318603;6
C13010002610;26022013;44318604;9
C13010002610;26022013;43979001;35
C13010002610;26022013;52116002;11
C13010002610;26022013;43381701;3
C13010002610;26022013;43381702;3
C13010002610;26022013;43381703;3
C13010002610;26022013;43381704;3
C13010002610;26022013;42126601;2
C13010002610;26022013;42126602;2
C13010002610;26022013;42126603;2
C13010002610;26022013;42126604;3
C13010002610;26022013;44469701;5
C13010002610;26022013;44469702;5
C13010002610;26022013;44469703;5
C13010002610;26022013;44469802;10
C13010002610;26022013;44469801;7
