C13070010902;09082013;43913801;1
C13070010902;09082013;43913802;2
C13070010902;09082013;43913803;2
C13070010902;09082013;43913804;2
C13070010902;09082013;44318601;13
C13070010902;09082013;44318602;14
C13070010902;09082013;44318603;14
C13070010902;09082013;44318604;14
C13070010902;09082013;44035533;1
C13070010902;09082013;44035534;1
C13070010902;09082013;44035535;2
C13070010902;09082013;44035536;2
C13070010902;09082013;42869401;8
C13070010902;09082013;44318501;1
C13070010902;09082013;44318502;1
C13070010902;09082013;44318503;1
C13070010902;09082013;44318504;1
C13070010902;09082013;52116002;1
C13070010902;09082013;44036041;12
C13070010902;09082013;44036042;12
C13070010902;09082013;44036043;12
C13070010902;09082013;44036044;14
C13070010902;09082013;44059213;4
C13070010902;09082013;44059214;4
C13070010902;09082013;44059215;4
C13070010902;09082013;44059216;6
C13070010902;09082013;BR10000092;23
C13070010902;09082013;43363421;1
