C13050010842;13062013;44315301;2
C13050010842;13062013;44315302;3
C13050010842;13062013;44315303;3
C13050010842;13062013;43324401;4
C13050010842;13062013;43324402;3
C13050010842;13062013;43324403;3
C13050010842;13062013;43324404;3
C13050010842;13062013;42918901;2
C13050010842;13062013;42918902;1
C13050010842;13062013;42918903;2
C13050010842;13062013;42918904;4
C13050010842;13062013;42918981;3
C13050010842;13062013;42918982;4
C13050010842;13062013;42918983;3
C13050010842;13062013;43865718;2
C13050010842;13062013;43865719;2
C13050010842;13062013;43865720;3
C13050010842;13062013;52116002;90
C13050010842;13062013;44318601;33
C13050010842;13062013;44318602;33
C13050010842;13062013;44318603;34
C13050010842;13062013;44318604;34
C13050010842;13062013;BR10000092;22
