C13040008071;07052013;52116002;26
C13040008071;07052013;44318601;3
C13040008071;07052013;44318602;1
C13040008071;07052013;44318603;2
C13040008071;07052013;44318604;6
C13040008071;07052013;43324401;9
C13040008071;07052013;43324402;9
C13040008071;07052013;43324403;9
C13040008071;07052013;43324404;11
C13040008071;07052013;43381717;6
C13040008071;07052013;43381718;6
C13040008071;07052013;43381719;6
C13040008071;07052013;43381720;8
C13040008071;07052013;43979001;22
C13040008071;07052013;43979215;47
C13040008071;07052013;44574901;28
C13040008071;07052013;43459301;2
C13040008071;07052013;43459302;2
C13040008071;07052013;43459303;2
C13040008071;07052013;43459304;3
C13040008071;07052013;44064013;1
C13040008071;07052013;44064014;2
C13040008071;07052013;44064015;2
C13040008071;07052013;44064016;4
C13040008071;07052013;44036041;6
C13040008071;07052013;44036042;6
C13040008071;07052013;44036043;7
C13040008071;07052013;44036044;8
C13040008071;07052013;44035533;2
C13040008071;07052013;44035534;2
C13040008071;07052013;44035535;2
C13040008071;07052013;44035536;2
C13040008071;07052013;44917601;12
C13040008071;07052013;44574301;10
C13040008071;07052013;44469801;3
C13040008071;07052013;44059213;3
C13040008071;07052013;44059214;3
C13040008071;07052013;44059215;3
C13040008071;07052013;44059216;2
