C13070003280;19072013;44318601;2
C13070003280;19072013;44318602;3
C13070003280;19072013;44318603;2
C13070003280;19072013;44318604;1
C13070003280;19072013;44036044;1
C13070003280;19072013;44035533;1
C13070003280;19072013;44035534;1
C13070003280;19072013;44035535;1
C13070003280;19072013;44035536;1
C13070003280;19072013;44844509;1
C13070003280;19072013;44844510;1
C13070003280;19072013;44844511;1
C13070003280;19072013;43979001;9
C13070003280;19072013;43979215;19
C13070003280;19072013;44917601;6
C13070003280;19072013;44469701;6
C13070003280;19072013;44469702;6
C13070003280;19072013;44469703;6
C13070003280;19072013;44469801;18
C13070003280;19072013;44059109;4
C13070003280;19072013;44059110;4
C13070003280;19072013;44059111;4
C13070003280;19072013;44059112;5
C13070003280;19072013;44289101;1
