C13110001917;03122013;42127401;2
C13110001917;03122013;42127402;2
C13110001917;03122013;42127403;1
C13110001917;03122013;42127404;1
C13110001917;03122013;52116002;58
C13110001917;03122013;44059213;2
C13110001917;03122013;44059214;3
C13110001917;03122013;44059215;1
C13110001917;03122013;44059216;1
C13110001917;03122013;41945521;1
C13110001917;03122013;43363421;1
C13110001917;03122013;43381702;1
C13110001917;03122013;43381901;1
C13110001917;03122013;43381902;1
C13110001917;03122013;43381903;1
C13110001917;03122013;43979101;1
C13110001917;03122013;44469801;13
C13110001917;03122013;44469701;11
C13110001917;03122013;44469702;15
C13110001917;03122013;44469703;16
C13110001917;03122013;44494201;1
C13110001917;03122013;44250709;1
C13110001917;03122013;44250710;1
C13110001917;03122013;44250711;1
C13110001917;03122013;BR10000092;14
