C13100004654;21102013;42869401;6
C13100004654;21102013;43913801;5
C13100004654;21102013;43913802;5
C13100004654;21102013;43913803;5
C13100004654;21102013;43913804;7
C13100004654;21102013;44036041;9
C13100004654;21102013;44036042;8
C13100004654;21102013;44036043;8
C13100004654;21102013;44036044;8
C13100004654;21102013;43979215;17
C13100004654;21102013;44318601;20
C13100004654;21102013;44318602;20
C13100004654;21102013;44318603;20
C13100004654;21102013;44318604;20
C13100004654;21102013;41963001;4
C13100004654;21102013;41963002;5
C13100004654;21102013;41963003;3
C13100004654;21102013;41963004;3
C13100004654;21102013;42918981;2
C13100004654;21102013;42918982;2
C13100004654;21102013;42918983;2
C13100004654;21102013;42918984;2
C13100004654;21102013;44035533;3
C13100004654;21102013;44035534;3
C13100004654;21102013;44035535;4
C13100004654;21102013;44035536;3
C13100004654;21102013;43363421;2
C13100004654;21102013;43363201;3
C13100004654;21102013;42931602;3
C13100004654;21102013;42931701;1
C13100004654;21102013;43979001;11
C13100004654;21102013;BR10000092;69
C13100004654;21102013;41962801;2
C13100004654;21102013;41962802;2
C13100004654;21102013;41962803;2
C13100004654;21102013;41962804;2
