C13100008641;03122013;44318501;5
C13100008641;03122013;44318502;5
C13100008641;03122013;44318503;5
C13100008641;03122013;44318504;5
C13100008641;03122013;44059213;6
C13100008641;03122013;44059214;6
C13100008641;03122013;44059215;6
C13100008641;03122013;44059216;7
C13100008641;03122013;43979001;18
C13100008641;03122013;44064013;3
C13100008641;03122013;44064014;3
C13100008641;03122013;44064015;3
C13100008641;03122013;44064016;3
C13100008641;03122013;44917601;9
C13100008641;03122013;44318601;4
C13100008641;03122013;44318602;4
C13100008641;03122013;44318603;4
C13100008641;03122013;44318604;5
C13100008641;03122013;43363421;3
C13100008641;03122013;BR10000092;65
