C13100005898;28102013;44064013;13
C13100005898;28102013;44064014;13
C13100005898;28102013;44064015;14
C13100005898;28102013;44064016;14
C13100005898;28102013;44318501;1
C13100005898;28102013;44318502;1
C13100005898;28102013;44318503;1
C13100005898;28102013;44318504;2
C13100005898;28102013;43979001;12
C13100005898;28102013;44917601;6
C13100005898;28102013;44059213;2
C13100005898;28102013;44059214;2
C13100005898;28102013;44059215;3
C13100005898;28102013;44059216;3
C13100005898;28102013;44315341;1
C13100005898;28102013;44315342;1
C13100005898;28102013;44315343;1
C13100005898;28102013;44315344;1
C13100005898;28102013;43979215;12
C13100005898;28102013;42931701;4
C13100005898;28102013;BR10000092;21
