C13100000403;15102013;44341901;3
C13100000403;15102013;43363421;6
C13100000403;15102013;42931602;8
C13100000403;15102013;42931701;16
C13100000403;15102013;44036041;32
C13100000403;15102013;44036042;32
C13100000403;15102013;44036043;32
C13100000403;15102013;44036044;32
C13100000403;15102013;42869401;28
C13100000403;15102013;44035533;8
C13100000403;15102013;44035534;8
C13100000403;15102013;44035535;8
C13100000403;15102013;44035536;8
C13100000403;15102013;44318601;15
C13100000403;15102013;44318602;15
C13100000403;15102013;44318603;15
C13100000403;15102013;44318604;15
C13100000403;15102013;44064013;6
C13100000403;15102013;44064014;6
C13100000403;15102013;44064015;6
C13100000403;15102013;44064016;6
C13100000403;15102013;52116002;5
C13100000403;15102013;BR10000092;432
C13100000403;15102013;43854901;41
C13100000403;15102013;42918101;3
C13100000403;15102013;42918102;3
C13100000403;15102013;42918103;3
C13100000403;15102013;42918104;3
C13100000403;15102013;43913801;51
C13100000403;15102013;43913802;51
C13100000403;15102013;43913803;51
C13100000403;15102013;43913804;51
