C13110005661;03122013;44289101;6
C13110005661;03122013;43865717;2
C13110005661;03122013;43865718;3
C13110005661;03122013;43865719;3
C13110005661;03122013;43865720;3
C13110005661;03122013;44036041;2
C13110005661;03122013;44036042;2
C13110005661;03122013;44036043;2
C13110005661;03122013;44036044;2
C13110005661;03122013;50231970;2
C13110005661;03122013;43381717;2
C13110005661;03122013;43381718;2
C13110005661;03122013;43381719;2
C13110005661;03122013;43381720;3
C13110005661;03122013;BR10000092;5
