C13110006552;06122013;43501901;7
C13110006552;06122013;44318501;2
C13110006552;06122013;44318502;2
C13110006552;06122013;44318503;2
C13110006552;06122013;44318504;2
C13110006552;06122013;42102901;4
C13110006552;06122013;41963004;1
C13110006552;06122013;44917601;2
C13110006552;06122013;43324401;1
C13110006552;06122013;43324402;1
C13110006552;06122013;43324403;1
C13110006552;06122013;43324404;1
C13110006552;06122013;BR10000092;5
C13110006552;06122013;43363201;2
C13110006552;06122013;43363421;1
