C13110007281;06122013;43363421;26
C13110007281;06122013;44318601;2
C13110007281;06122013;44318602;3
C13110007281;06122013;44318603;3
C13110007281;06122013;44318604;3
C13110007281;06122013;44318501;29
C13110007281;06122013;44318502;29
C13110007281;06122013;44318503;29
C13110007281;06122013;44318504;29
C13110007281;06122013;43363201;18
C13110007281;06122013;43979001;12
C13110007281;06122013;43324401;4
C13110007281;06122013;43324402;4
C13110007281;06122013;43324403;4
C13110007281;06122013;43324404;4
C13110007281;06122013;42102901;14
C13110007281;06122013;43381701;51
C13110007281;06122013;43381702;51
C13110007281;06122013;43381703;51
C13110007281;06122013;43381704;51
C13110007281;06122013;44917601;8
C13110007281;06122013;44064014;1
C13110007281;06122013;BR10000092;150
