C13120004110;15012014;44917601;72
C13120004110;15012014;44064013;5
C13120004110;15012014;42918981;2
C13120004110;15012014;42918101;9
C13120004110;15012014;52116002;12
C13120004110;15012014;52123603;1
C13120004110;15012014;44844509;6
C13120004110;15012014;44036044;4
C13120004110;15012014;52114502;2
C13120004110;15012014;44315125;4
C13120004110;15012014;42931602;1
C13120004110;15012014;43865717;24
C13120004110;15012014;44318601;62
C13120004110;15012014;43979215;64
C13120004110;15012014;44059213;16
C13120004110;15012014;43979101;4
C13120004110;15012014;43979001;80
C13120004110;15012014;44315101;2
C13120004110;15012014;44315301;9
C13120004110;15012014;43381717;41
C13120004110;15012014;43363421;1
C13120004110;15012014;43324401;28
C13120004110;15012014;44574301;8
C13120004110;15012014;43324420;2
C13120004110;15012014;44315342;1
C13120004110;15012014;43502001;20
C13120004110;15012014;43854901;1
C13120004110;15012014;42918901;1
C13120004110;15012014;43449708;3
C13120004110;15012014;BR10000092;117
