C14040001911;21052014;44315125;5
C14040001911;21052014;43501901;4
C14040001911;21052014;44318504;5
C14040001911;21052014;44289101;1
C14040001911;21052014;44917601;63
C14040001911;21052014;41963601;1
C14040001911;21052014;43502001;7
C14040001911;21052014;44565805;5
C14040001911;21052014;43979215;8
C14040001911;21052014;44315344;23
C14040001911;21052014;42918104;16
C14040001911;21052014;44059215;32
C14040001911;21052014;43865717;19
C14040001911;21052014;BR10000092;40
C14040001911;21052014;43979001;11
C14040001911;21052014;42918981;30
C14040001911;21052014;44574301;9
C14040001911;21052014;41962804;8
C14040001911;21052014;42931602;12
C14040001911;21052014;44059213;17
C14040001911;21052014;42931701;2
C14040001911;21052014;42869401;3
C14040001911;21052014;44318501;9
C14040001911;21052014;44318602;14
