C14050008102;21072014;BR10000092;160
C14050008102;21072014;43363201;4
C14050008102;21072014;43381717;1
C14050008102;21072014;43381718;1
C14050008102;21072014;43381719;1
C14050008102;21072014;43381720;2
C14050008102;21072014;44844511;1
C14050008102;21072014;43865717;2
C14050008102;21072014;43865719;3
C14050008102;21072014;43865720;1
C14050008102;21072014;42918981;1
C14050008102;21072014;42918982;1
C14050008102;21072014;43979215;40
C14050008102;21072014;43979001;35
C14050008102;21072014;44318601;10
C14050008102;21072014;44318602;8
C14050008102;21072014;44318603;15
C14050008102;21072014;44318604;32
C14050008102;21072014;43449708;1
C14050008102;21072014;44469703;1
C14050008102;21072014;44469702;1
C14050008102;21072014;44469801;1
C14050008102;21072014;43502001;3
C14050008102;21072014;44318501;7
C14050008102;21072014;44318502;5
C14050008102;21072014;44318503;3
C14050008102;21072014;44318504;4
C14050008102;21072014;42931602;1
C14050008102;21072014;44844414;1
C14050008102;21072014;44844415;1
