C14040005747;30042014;BR10000092;39
C14040005747;30042014;44494201;5
C14040005747;30042014;44318601;13
C14040005747;30042014;44318602;21
C14040005747;30042014;44318603;25
C14040005747;30042014;44318604;14
C14040005747;30042014;43324404;2
C14040005747;30042014;43324403;2
C14040005747;30042014;43324401;1
C14040005747;30042014;42918982;2
C14040005747;30042014;42918981;1
C14040005747;30042014;42918983;1
C14040005747;30042014;42918984;1
C14040005747;30042014;44472201;4
C14040005747;30042014;44472601;2
C14040005747;30042014;43381704;1
C14040005747;30042014;42918101;1
C14040005747;30042014;42918102;1
C14040005747;30042014;42918103;1
C14040005747;30042014;42918104;1
C14040005747;30042014;43449708;3
C14040005747;30042014;44469701;55
C14040005747;30042014;44469702;58
C14040005747;30042014;44469703;65
C14040005747;30042014;44059213;5
C14040005747;30042014;44059214;4
C14040005747;30042014;44059215;6
C14040005747;30042014;44059216;14
C14040005747;30042014;44064013;1
C14040005747;30042014;44064014;1
C14040005747;30042014;44064015;1
C14040005747;30042014;44064016;2
C14040005747;30042014;44318601;5
C14040005747;30042014;44318602;14
C14040005747;30042014;44318603;11
C14040005747;30042014;44318604;37
C14040005747;30042014;44469801;54
