C14030003504;23042014;BR10000092;113
C14030003504;23042014;44289101;1
C14030003504;23042014;44315127;13
C14030003504;23042014;43913801;6
C14030003504;23042014;43979001;6
C14030003504;23042014;43502001;42
C14030003504;23042014;42127404;2
C14030003504;23042014;44036041;5
C14030003504;23042014;44574301;40
C14030003504;23042014;52116002;10
C14030003504;23042014;44917601;121
C14030003504;23042014;43979215;19
C14030003504;23042014;44318602;5
C14030003504;23042014;44315341;66
C14030003504;23042014;44318504;5
