C14090000170;01102014;BR10000092;1
C14090000170;01102014;44318601;11
C14090000170;01102014;44318602;8
C14090000170;01102014;44318603;6
C14090000170;01102014;44318604;21
C14090000170;01102014;41962801;4
C14090000170;01102014;42869401;3
C14090000170;01102014;43979001;1
C14090000170;01102014;44059213;3
C14090000170;01102014;44059214;3
C14090000170;01102014;44059215;4
C14090000170;01102014;44059216;1
C14090000170;01102014;42918981;3
C14090000170;01102014;42918982;3
C14090000170;01102014;42918983;3
C14090000170;01102014;42918984;3
C14090000170;01102014;43449708;2
C14090000170;01102014;43363421;3
C14090000170;01102014;45396212;4
C14090000170;01102014;44289101;1
C14090000170;01102014;43979215;3
C14090000170;01102014;41963004;1
C14090000170;01102014;42918104;6
