C14080007309;01102014;BR10000092;94
C14080007309;01102014;43529404;1
C14080007309;01102014;43913801;5
C14080007309;01102014;43913802;2
C14080007309;01102014;43913803;3
C14080007309;01102014;43913804;7
C14080007309;01102014;44318601;6
C14080007309;01102014;44318602;4
C14080007309;01102014;44318603;2
C14080007309;01102014;44318604;7
C14080007309;01102014;44059213;4
C14080007309;01102014;44059214;4
C14080007309;01102014;44059215;2
C14080007309;01102014;44059216;3
C14080007309;01102014;44064013;1
C14080007309;01102014;44064014;1
C14080007309;01102014;44064015;1
C14080007309;01102014;44064016;5
C14080007309;01102014;43363421;2
