C14020001940;03032014;44035533;4
C14020001940;03032014;44035534;3
C14020001940;03032014;44035535;5
C14020001940;03032014;44035536;2
C14020001940;03032014;43449708;1
C14020001940;03032014;43363421;2
C14020001940;03032014;44341901;1
C14020001940;03032014;42931602;1
C14020001940;03032014;42931701;1
C14020001940;03032014;44064015;1
C14020001940;03032014;44318502;2
C14020001940;03032014;52116002;2
C14020001940;03032014;44059214;1
C14020001940;03032014;44059216;1
C14020001940;03032014;42869401;2
C14020001940;03032014;44318601;1
C14020001940;03032014;44318602;1
C14020001940;03032014;44318603;1
C14020001940;03032014;43324401;1
C14020001940;03032014;43324403;1
C14020001940;03032014;44036041;1
C14020001940;03032014;44036042;2
C14020001940;03032014;44036043;1
C14020001940;03032014;43381703;2
C14020001940;03032014;43381704;2
C14020001940;03032014;43459303;1
C14020001940;03032014;BR10000092;32
C14020001940;03032014;44036044;1
C14020001940;03032014;44059214;1
C14020001940;03032014;43381701;2
C14020001940;03032014;43381702;1
