C14050011677;01072014;BR10000092;8
C14050011677;01072014;44059213;1
C14050011677;01072014;44059215;1
C14050011677;01072014;44059216;2
C14050011677;01072014;44318501;1
C14050011677;01072014;44318502;2
C14050011677;01072014;44318503;2
C14050011677;01072014;44318504;1
C14050011677;01072014;43979001;3
C14050011677;01072014;44917601;6
C14050011677;01072014;52116002;4
C14050011677;01072014;44494201;1
C14050011677;01072014;43979215;4
C14050011677;01072014;44574301;1
C14050011677;01072014;44289101;1
C14050011677;01072014;50242601;2
C14050011677;01072014;44469801;1
C14050011677;01072014;44469702;1
C14050011677;01072014;44064013;1
C14050011677;01072014;44064014;1
C14050011677;01072014;44064015;1
C14050011677;01072014;44064016;2
C14050011677;01072014;44565807;1
C14050011677;01072014;44565805;1
C14050011677;01072014;44315343;1
C14050011677;01072014;44315344;1
