C14070002495;04082014;BR10000092;47
C14070002495;04082014;43979001;6
C14070002495;04082014;44574301;7
C14070002495;04082014;44469801;2
C14070002495;04082014;44036041;8
C14070002495;04082014;44036042;10
C14070002495;04082014;44036043;11
C14070002495;04082014;44036044;12
C14070002495;04082014;44318501;3
C14070002495;04082014;44318502;4
C14070002495;04082014;44318503;3
C14070002495;04082014;44318504;5
C14070002495;04082014;44494201;3
C14070002495;04082014;52116002;48
C14070002495;04082014;43979215;16
C14070002495;04082014;44318601;6
C14070002495;04082014;44318602;9
C14070002495;04082014;44318603;10
C14070002495;04082014;44318604;12
C14070002495;04082014;45460501;18
