C14070013500;27082014;44917601;42
C14070013500;27082014;44574301;18
C14070013500;27082014;44844509;2
C14070013500;27082014;44844510;2
C14070013500;27082014;44844511;2
C14070013500;27082014;43502001;18
C14070013500;27082014;43501901;12
C14070013500;27082014;44315301;2
C14070013500;27082014;44315302;2
C14070013500;27082014;44315303;2
C14070013500;27082014;43865717;15
C14070013500;27082014;43865718;17
C14070013500;27082014;43865719;14
C14070013500;27082014;43865720;19
C14070013500;27082014;43979215;34
C14070013500;27082014;43979001;11
C14070013500;27082014;43381719;4
C14070013500;27082014;43381717;5
C14070013500;27082014;43381718;3
C14070013500;27082014;42918101;2
C14070013500;27082014;44064016;2
C14070013500;27082014;44341901;2
C14070013500;27082014;43363201;3
C14070013500;27082014;BR10000092;108
