C14020006071;02052014;42931602;4
C14020006071;02052014;44036041;9
C14020006071;02052014;44036042;8
C14020006071;02052014;44036043;10
C14020006071;02052014;44036044;12
C14020006071;02052014;44035533;3
C14020006071;02052014;44035534;3
C14020006071;02052014;44035535;4
C14020006071;02052014;44035536;5
C14020006071;02052014;43529404;3
C14020006071;02052014;44318601;15
C14020006071;02052014;44318602;14
C14020006071;02052014;44318603;13
C14020006071;02052014;44318604;16
C14020006071;02052014;42869401;4
C14020006071;02052014;44318501;5
C14020006071;02052014;44318502;3
C14020006071;02052014;44318503;3
C14020006071;02052014;44318504;4
C14020006071;02052014;43913801;2
C14020006071;02052014;43913802;3
C14020006071;02052014;43913803;2
C14020006071;02052014;43913804;3
C14020006071;02052014;44341901;1
C14020006071;02052014;44059213;3
C14020006071;02052014;44059214;3
C14020006071;02052014;44059215;3
C14020006071;02052014;44059216;3
C14020006071;02052014;BR10000092;18
