C14020012632;02052014;43449025;1
C14020012632;02052014;43449026;1
C14020012632;02052014;43449027;1
C14020012632;02052014;43449028;2
C14020012632;02052014;44469801;7
C14020012632;02052014;44059216;1
C14020012632;02052014;43979001;2
C14020012632;02052014;43501901;1
C14020012632;02052014;44469701;1
C14020012632;02052014;44469702;1
C14020012632;02052014;44469703;1
C14020012632;02052014;44472201;1
C14020012632;02052014;43363421;1
C14020012632;02052014;43865717;2
C14020012632;02052014;43865718;2
C14020012632;02052014;43865719;2
C14020012632;02052014;43865720;3
C14020012632;02052014;44318601;4
C14020012632;02052014;44318602;3
C14020012632;02052014;44318603;5
C14020012632;02052014;44318604;5
C14020012632;02052014;43979215;5
C14020012632;02052014;BR10000092;30
