C14030009618;30042014;BR10000092;1
C14030009618;30042014;42869401;4
C14030009618;30042014;44315128;1
C14030009618;30042014;44315127;1
C14030009618;30042014;44315126;1
C14030009618;30042014;44315125;1
C14030009618;30042014;44574301;3
C14030009618;30042014;44917601;3
C14030009618;30042014;44318501;1
C14030009618;30042014;44318502;1
C14030009618;30042014;44318503;1
C14030009618;30042014;44318504;2
C14030009618;30042014;44035533;1
C14030009618;30042014;44035534;1
C14030009618;30042014;44035535;2
C14030009618;30042014;44035536;1
C14030009618;30042014;44318601;1
C14030009618;30042014;44318602;1
C14030009618;30042014;44318603;1
C14030009618;30042014;44318604;3
C14030009618;30042014;44036041;2
C14030009618;30042014;44036042;1
C14030009618;30042014;44036043;1
C14030009618;30042014;44036044;29
