C14020007981;02042014;44036041;8
C14020007981;02042014;44036042;8
C14020007981;02042014;44036043;8
C14020007981;02042014;44036044;8
C14020007981;02042014;43363421;1
C14020007981;02042014;44318601;12
C14020007981;02042014;44318602;12
C14020007981;02042014;44318603;12
C14020007981;02042014;44318604;13
C14020007981;02042014;42869401;6
C14020007981;02042014;44064013;1
C14020007981;02042014;44064014;1
C14020007981;02042014;44064015;1
C14020007981;02042014;44064016;1
C14020007981;02042014;44035533;1
C14020007981;02042014;44035534;1
C14020007981;02042014;44035535;1
C14020007981;02042014;44035536;3
C14020007981;02042014;43381701;3
C14020007981;02042014;43381702;3
C14020007981;02042014;43381703;2
C14020007981;02042014;43381704;2
C14020007981;02042014;43363201;2
C14020007981;02042014;44318501;5
C14020007981;02042014;44318502;5
C14020007981;02042014;44318503;5
C14020007981;02042014;44318504;8
C14020007981;02042014;BR10000092;14
