C14010005811;02042014;44318601;8
C14010005811;02042014;44318602;6
C14010005811;02042014;44318603;4
C14010005811;02042014;44318604;15
C14010005811;02042014;44036044;20
C14010005811;02042014;44035533;4
C14010005811;02042014;44035534;3
C14010005811;02042014;44035535;2
C14010005811;02042014;44035536;5
C14010005811;02042014;43459301;2
C14010005811;02042014;43459302;3
C14010005811;02042014;43459303;2
C14010005811;02042014;43459304;6
C14010005811;02042014;44318501;4
C14010005811;02042014;44318502;5
C14010005811;02042014;44318503;6
C14010005811;02042014;44318504;8
C14010005811;02042014;42931602;10
C14010005811;02042014;44059213;5
C14010005811;02042014;44059214;6
C14010005811;02042014;44059215;4
C14010005811;02042014;44059216;8
C14010005811;02042014;42869401;6
C14010005811;02042014;43501901;2
C14010005811;02042014;BR10000092;16
