C14050005863;21072014;43979001;13
C14050005863;21072014;BR10000092;75
C14050005863;21072014;44917601;37
C14050005863;21072014;44318601;15
C14050005863;21072014;44318602;16
C14050005863;21072014;44318603;16
C14050005863;21072014;44318604;35
C14050005863;21072014;44064013;4
C14050005863;21072014;44064014;3
C14050005863;21072014;44064015;3
C14050005863;21072014;44064016;7
C14050005863;21072014;52116002;39
C14050005863;21072014;44574301;6
C14050005863;21072014;43979215;31
