C14040009220;26052014;BR10000092;74
C14040009220;26052014;43363421;1
C14040009220;26052014;42869401;2
C14040009220;26052014;44059213;12
C14040009220;26052014;43979215;5
C14040009220;26052014;44917601;8
C14040009220;26052014;43865720;2
C14040009220;26052014;43979001;4
C14040009220;26052014;43363201;2
C14040009220;26052014;42918983;3
C14040009220;26052014;44318604;2
C14040009220;26052014;44035533;1
C14040009220;26052014;44036044;3
C14040009220;26052014;44064014;5
C14040009220;26052014;44574301;7
C14040009220;26052014;44064015;12
C14040009220;26052014;44469701;3
C14040009220;26052014;44059214;14
C14040009220;26052014;44469801;1
C14040009220;26052014;42918103;2
C14040009220;26052014;43381719;4
