C14040011208;21072014;43979001;13
C14040011208;21072014;52116002;16
C14040011208;21072014;44318601;18
C14040011208;21072014;44318602;19
C14040011208;21072014;44318603;17
C14040011208;21072014;44318604;28
C14040011208;21072014;44036041;6
C14040011208;21072014;44036042;7
C14040011208;21072014;44036043;8
C14040011208;21072014;44036044;13
C14040011208;21072014;44059213;8
C14040011208;21072014;44059214;5
C14040011208;21072014;44059215;6
C14040011208;21072014;44059216;11
C14040011208;21072014;43865717;2
C14040011208;21072014;43865718;2
C14040011208;21072014;43865719;2
C14040011208;21072014;43865720;2
C14040011208;21072014;43913801;4
C14040011208;21072014;43913802;4
C14040011208;21072014;43913803;4
C14040011208;21072014;43913804;4
C14040011208;21072014;44035533;3
C14040011208;21072014;44035534;4
C14040011208;21072014;44035535;2
C14040011208;21072014;44035536;5
C14040011208;21072014;43979001;18
C14040011208;21072014;43979101;1
C14040011208;21072014;44574301;7
C14040011208;21072014;42869401;3
C14040011208;21072014;BR10000092;58
