C14010008837;03032014;44341901;1
C14010008837;03032014;41945601;2
C14010008837;03032014;43979001;8
C14010008837;03032014;43501901;5
C14010008837;03032014;44469701;1
C14010008837;03032014;44469702;1
C14010008837;03032014;44469703;1
C14010008837;03032014;44469801;2
C14010008837;03032014;44059215;1
C14010008837;03032014;43381718;1
C14010008837;03032014;44494201;1
C14010008837;03032014;44289101;1
C14010008837;03032014;43502001;8
C14010008837;03032014;50231970;1
C14010008837;03032014;52116002;3
C14010008837;03032014;43324404;1
C14010008837;03032014;44064015;1
C14010008837;03032014;44917601;12
C14010008837;03032014;43979215;13
C14010008837;03032014;44574901;1
C14010008837;03032014;43502001;1
C14010008837;03032014;BR10000092;17
