C14070002657;06082014;BR10000092;73
C14070002657;06082014;44064013;8
C14070002657;06082014;44064014;7
C14070002657;06082014;44064015;7
C14070002657;06082014;44064016;11
C14070002657;06082014;42918101;2
C14070002657;06082014;42918102;1
C14070002657;06082014;42918104;1
C14070002657;06082014;43865719;1
C14070002657;06082014;44035535;1
C14070002657;06082014;42918981;3
C14070002657;06082014;42918982;3
C14070002657;06082014;42918983;4
C14070002657;06082014;42918984;2
C14070002657;06082014;44059213;8
C14070002657;06082014;44059214;5
C14070002657;06082014;44059215;7
C14070002657;06082014;44059216;13
C14070002657;06082014;43979001;17
C14070002657;06082014;44574301;5
C14070002657;06082014;43529404;4
C14070002657;06082014;44917601;16
C14070002657;06082014;43979215;11
C14070002657;06082014;44318504;7
C14070002657;06082014;44315341;1
C14070002657;06082014;44315342;1
C14070002657;06082014;44315343;1
C14070002657;06082014;44315344;1
