C14060006013;01072014;BR10000092;36
C14060006013;01072014;44469801;2
C14060006013;01072014;43381718;1
C14060006013;01072014;43381719;2
C14060006013;01072014;43381720;4
C14060006013;01072014;43979001;1
C14060006013;01072014;43865717;4
C14060006013;01072014;43865718;2
C14060006013;01072014;43865719;2
C14060006013;01072014;43865720;4
C14060006013;01072014;44059213;1
C14060006013;01072014;44059214;1
C14060006013;01072014;44059215;4
C14060006013;01072014;44059216;2
C14060006013;01072014;43979215;3
C14060006013;01072014;43502001;1
C14060006013;01072014;44318501;3
C14060006013;01072014;44318502;5
C14060006013;01072014;44318503;3
C14060006013;01072014;44318504;3
C14060006013;01072014;44315125;8
C14060006013;01072014;44315126;1
C14060006013;01072014;44315127;1
C14060006013;01072014;44315128;1
C14060006013;01072014;43529404;1
C14060006013;01072014;44064013;1
C14060006013;01072014;44064014;1
C14060006013;01072014;44064015;1
C14060006013;01072014;44064016;1
C14060006013;01072014;43449708;6
