C14050004549;01072014;BR10000092;3
C14050004549;01072014;44574301;3
C14050004549;01072014;44318501;9
C14050004549;01072014;44318502;8
C14050004549;01072014;44318503;9
C14050004549;01072014;44318504;15
C14050004549;01072014;44035536;5
C14050004549;01072014;44469801;3
C14050004549;01072014;44059216;8
C14050004549;01072014;44036044;30
C14050004549;01072014;42918902;1
C14050004549;01072014;44315342;9
C14050004549;01072014;44315343;7
C14050004549;01072014;44315344;16
C14050004549;01072014;44315341;5
C14050004549;01072014;43979215;5
C14050004549;01072014;44917601;6
C14050004549;01072014;43979001;3
C14050004549;01072014;45460501;1
C14050004549;01072014;44341901;1
C14050004549;01072014;42869401;6
C14050004549;01072014;44035536;5
C14050004549;01072014;42918101;8
C14050004549;01072014;42918102;8
C14050004549;01072014;42918103;9
