C14060006285;01072014;BR10000092;43
C14060006285;01072014;44064014;1
C14060006285;01072014;44341901;2
C14060006285;01072014;44318501;1
C14060006285;01072014;44318502;2
C14060006285;01072014;44318503;3
C14060006285;01072014;44318504;12
C14060006285;01072014;45103727;2
C14060006285;01072014;44064013;1
C14060006285;01072014;44064014;2
C14060006285;01072014;44064015;1
C14060006285;01072014;44064016;1
C14060006285;01072014;43449708;2
C14060006285;01072014;44318501;2
C14060006285;01072014;44318502;2
C14060006285;01072014;44318503;2
C14060006285;01072014;44318504;7
C14060006285;01072014;44917601;2
C14060006285;01072014;43865719;2
C14060006285;01072014;44036042;1
C14060006285;01072014;44059216;1
C14060006285;01072014;44318601;1
C14060006285;01072014;44318602;15
C14060006285;01072014;44318603;6
C14060006285;01072014;44318604;19
