C14060009039;06082014;BR10000092;2
C14060009039;06082014;44064013;8
C14060009039;06082014;44064015;14
C14060009039;06082014;44064015;14
C14060009039;06082014;44064016;18
C14060009039;06082014;44318503;2
C14060009039;06082014;43979001;5
C14060009039;06082014;43529404;6
C14060009039;06082014;45460501;2
C14060009039;06082014;43449708;3
C14060009039;06082014;44059215;7
C14060009039;06082014;44059216;13
C14060009039;06082014;44059214;80
C14060009039;06082014;44059213;11
C14060009039;06082014;44315341;2
C14060009039;06082014;44315342;1
C14060009039;06082014;44315343;3
