C14070005834;04082014;44318601;12
C14070005834;04082014;44318602;14
C14070005834;04082014;44318603;7
C14070005834;04082014;44318604;21
C14070005834;04082014;43459301;1
C14070005834;04082014;43459302;1
C14070005834;04082014;43459303;1
C14070005834;04082014;43459304;1
C14070005834;04082014;44036041;3
C14070005834;04082014;44036042;4
C14070005834;04082014;44036043;2
C14070005834;04082014;44036044;6
C14070005834;04082014;44574901;4
C14070005834;04082014;44917601;134
C14070005834;04082014;44574301;6
C14070005834;04082014;BR10000092;4
C14070005834;04082014;44318501;1
C14070005834;04082014;44318502;1
C14070005834;04082014;44318503;2
C14070005834;04082014;44318504;6
C14070005834;04082014;52116002;22
C14070005834;04082014;43979001;2
C14070005834;04082014;43979201;11
