C14060002611;01072014;BR10000092;3
C14060002611;01072014;44469801;1
C14060002611;01072014;44318601;2
C14060002611;01072014;44318602;3
C14060002611;01072014;44318603;5
C14060002611;01072014;44318604;7
C14060002611;01072014;44318501;1
C14060002611;01072014;44318502;1
C14060002611;01072014;44318503;2
C14060002611;01072014;44318504;2
C14060002611;01072014;42931602;3
C14060002611;01072014;43979215;1
C14060002611;01072014;44917601;4
C14060002611;01072014;44059215;2
C14060002611;01072014;44059216;4
C14060002611;01072014;44064013;1
C14060002611;01072014;44064014;1
C14060002611;01072014;44064015;1
C14060002611;01072014;44064016;2
