C14030002281;02052014;43979001;2
C14030002281;02052014;43501901;1
C14030002281;02052014;44469701;1
C14030002281;02052014;44469702;1
C14030002281;02052014;44494201;7
C14030002281;02052014;44035534;2
C14030002281;02052014;44035536;3
C14030002281;02052014;44315341;4
C14030002281;02052014;44315342;2
C14030002281;02052014;44315343;2
C14030002281;02052014;44315344;18
C14030002281;02052014;44289101;4
C14030002281;02052014;43363201;1
C14030002281;02052014;44341901;1
C14030002281;02052014;43363421;2
C14030002281;02052014;42918102;1
C14030002281;02052014;42918103;1
C14030002281;02052014;42918104;1
C14030002281;02052014;44469801;1
C14030002281;02052014;44917601;1
C14030002281;02052014;43460203;1
C14030002281;02052014;43460204;1
C14030002281;02052014;44315125;1
C14030002281;02052014;44315126;1
C14030002281;02052014;44315127;1
C14030002281;02052014;44315128;2
C14030002281;02052014;44574301;3
C14030002281;02052014;44064015;1
C14030002281;02052014;44318501;1
C14030002281;02052014;44318502;1
C14030002281;02052014;44318503;1
C14030002281;02052014;44318504;1
C14030002281;02052014;BR10000092;2
