C14020011660;02052014;44059109;6
C14020011660;02052014;44059110;5
C14020011660;02052014;44059111;5
C14020011660;02052014;44059112;5
C14020011660;02052014;44318601;1
C14020011660;02052014;44318604;1
C14020011660;02052014;44469801;8
C14020011660;02052014;44059214;1
C14020011660;02052014;44059215;1
C14020011660;02052014;44059216;1
C14020011660;02052014;52102001;26
C14020011660;02052014;44469701;6
C14020011660;02052014;44469702;6
C14020011660;02052014;44469703;6
C14020011660;02052014;44494201;3
C14020011660;02052014;42102901;18
C14020011660;02052014;43502301;2
C14020011660;02052014;BR10000092;5
