C14090010132;28102014;44574301;4
C14090010132;28102014;44917601;13
C14090010132;28102014;44318601;3
C14090010132;28102014;44318602;3
C14090010132;28102014;44318603;4
C14090010132;28102014;44318604;5
C14090010132;28102014;44036041;5
C14090010132;28102014;42931701;2
C14090010132;28102014;42869401;2
C14090010132;28102014;44035534;1
C14090010132;28102014;44035536;1
C14090010132;28102014;BR10000092;2
C14090010132;28102014;44036042;4
C14090010132;28102014;44036043;2
C14090010132;28102014;44036044;2
C14090010132;28102014;44318501;3
