C14050011758;01072014;BR10000092;9
C14050011758;01072014;42931701;1
C14050011758;01072014;44315341;1
C14050011758;01072014;44315342;1
C14050011758;01072014;44315343;1
C14050011758;01072014;44318602;5
C14050011758;01072014;44318603;5
C14050011758;01072014;44318604;10
C14050011758;01072014;43529404;3
C14050011758;01072014;44341901;1
C14050011758;01072014;43363201;1
C14050011758;01072014;42931602;1
C14050011758;01072014;43913802;1
C14050011758;01072014;43913803;1
C14050011758;01072014;43913804;2
C14050011758;01072014;42918101;2
C14050011758;01072014;42918103;3
C14050011758;01072014;42918104;3
C14050011758;01072014;44064013;6
C14050011758;01072014;44064014;5
C14050011758;01072014;44064015;2
C14050011758;01072014;44064016;2
C14050011758;01072014;42869401;4
C14050011758;01072014;41963001;1
C14050011758;01072014;41963002;1
C14050011758;01072014;41963003;1
C14050011758;01072014;44036041;2
C14050011758;01072014;44036043;1
C14050011758;01072014;44036044;2
C14050011758;01072014;44059110;1
C14050011758;01072014;41962803;3
C14050011758;01072014;44059214;1
C14050011758;01072014;45395712;1
C14050011758;01072014;44318501;2
C14050011758;01072014;44318502;3
C14050011758;01072014;44318503;2
C14050011758;01072014;44318504;3
C14050011758;01072014;44036042;2
C14050011758;01072014;50231970;1
C14050011758;01072014;44035533;1
C14050011758;01072014;44035536;2
C14050011758;01072014;44315126;1
C14050011758;01072014;44315127;1
C14050011758;01072014;44315128;1
C14050011758;01072014;44315125;1
C14050011758;01072014;45460501;1
C14050011758;01072014;43979215;1
C14050011758;01072014;43865718;2
