C14040001750;30042014;BR10000092;1
C14040001750;30042014;44059213;28
C14040001750;30042014;44059214;33
C14040001750;30042014;44059215;22
C14040001750;30042014;44059216;50
C14040001750;30042014;44318501;2
C14040001750;30042014;44315341;1
C14040001750;30042014;44315342;1
C14040001750;30042014;44315344;1
C14040001750;30042014;44574301;1
C14040001750;30042014;52116002;1
C14040001750;30042014;44064013;4
C14040001750;30042014;44064014;5
C14040001750;30042014;44064015;4
C14040001750;30042014;44064016;6
C14040001750;30042014;43449708;1
