C14070013187;01092014;BR10000092;34
C14070013187;01092014;44318601;12
C14070013187;01092014;44318602;10
C14070013187;01092014;44318603;10
C14070013187;01092014;44318604;18
C14070013187;01092014;44318501;15
C14070013187;01092014;44318502;17
C14070013187;01092014;44318503;27
C14070013187;01092014;44318504;32
C14070013187;01092014;43854901;7
C14070013187;01092014;44036041;6
C14070013187;01092014;44036042;5
C14070013187;01092014;44036043;8
C14070013187;01092014;44036044;11
C14070013187;01092014;44035533;1
C14070013187;01092014;44035536;1
C14070013187;01092014;44059112;9
C14070013187;01092014;43363421;3
C14070013187;01092014;44064013;1
C14070013187;01092014;44064015;1
C14070013187;01092014;42869401;3
