C14050006835;21072014;42918103;1
C14050006835;21072014;42918101;1
C14050006835;21072014;45103725;1
C14050006835;21072014;45103726;1
C14050006835;21072014;45103727;1
C14050006835;21072014;45103728;1
C14050006835;21072014;45536521;2
C14050006835;21072014;45536522;2
C14050006835;21072014;45536524;2
C14050006835;21072014;42869401;3
C14050006835;21072014;44315341;19
C14050006835;21072014;44315342;20
C14050006835;21072014;44315343;10
C14050006835;21072014;44315344;10
C14050006835;21072014;44318602;1
C14050006835;21072014;44318604;1
C14050006835;21072014;44036041;6
C14050006835;21072014;44036042;5
C14050006835;21072014;44036043;3
C14050006835;21072014;44036044;2
C14050006835;21072014;45536523;3
C14050006835;21072014;52116002;51
C14050006835;21072014;52123603;6
C14050006835;21072014;44574301;27
C14050006835;21072014;44494201;2
C14050006835;21072014;43501901;5
C14050006835;21072014;43381719;1
C14050006835;21072014;43381717;1
C14050006835;21072014;BR10000092;102
C14050006835;21072014;43502001;50
C14050006835;21072014;44315341;1
C14050006835;21072014;44315342;2
C14050006835;21072014;44315343;3
C14050006835;21072014;44315344;3
C14050006835;21072014;43324417;1
C14050006835;21072014;43324418;2
C14050006835;21072014;43324420;1
C14050006835;21072014;43979215;32
C14050006835;21072014;44917601;86
C14050006835;21072014;43979001;20
C14050006835;21072014;44315127;3
C14050006835;21072014;44469801;8
C14050006835;21072014;44469703;8
