C14080005365;25092014;BR10000092;4
C14080005365;25092014;45460501;3
C14080005365;25092014;43913801;6
C14080005365;25092014;43913802;1
C14080005365;25092014;43913803;2
C14080005365;25092014;43913804;7
C14080005365;25092014;44289101;3
C14080005365;25092014;44574301;1
C14080005365;25092014;43979001;1
C14080005365;25092014;43979215;15
C14080005365;25092014;43459301;1
C14080005365;25092014;43459302;1
C14080005365;25092014;43459303;2
C14080005365;25092014;43459304;1
C14080005365;25092014;42931701;2
C14080005365;25092014;42869401;3
C14080005365;25092014;44035533;2
C14080005365;25092014;44035534;1
C14080005365;25092014;44035535;1
C14080005365;25092014;44035536;4
C14080005365;25092014;44318601;6
C14080005365;25092014;44318602;2
C14080005365;25092014;44318603;5
C14080005365;25092014;44318604;1
C14080005365;25092014;44917601;5
C14080005365;25092014;42126604;4
C14080005365;25092014;44565805;2
C14080005365;25092014;44469801;2
