C14090009711;10112014;44036041;12
C14090009711;10112014;44036042;13
C14090009711;10112014;44036043;13
C14090009711;10112014;44036044;16
C14090009711;10112014;44341901;4
C14090009711;10112014;44035533;3
C14090009711;10112014;44035534;5
C14090009711;10112014;44035535;4
C14090009711;10112014;44035536;6
C14090009711;10112014;42869401;7
C14090009711;10112014;44318601;21
C14090009711;10112014;44318602;24
C14090009711;10112014;44318603;24
C14090009711;10112014;44318604;32
C14090009711;10112014;42931701;3
C14090009711;10112014;44318501;6
C14090009711;10112014;44318502;5
C14090009711;10112014;44318503;7
C14090009711;10112014;44318504;9
C14090009711;10112014;43913801;3
C14090009711;10112014;43913802;4
C14090009711;10112014;43913803;3
C14090009711;10112014;43913804;4
C14090009711;10112014;44059213;5
C14090009711;10112014;44059214;4
C14090009711;10112014;44059215;6
C14090009711;10112014;44059216;8
C14090009711;10112014;BR10000092;23
