C14070010323;06082014;BR10000092;43
C14070010323;06082014;44318601;12
C14070010323;06082014;44318602;13
C14070010323;06082014;44318603;11
C14070010323;06082014;44318604;16
C14070010323;06082014;44469701;3
C14070010323;06082014;44469702;3
C14070010323;06082014;44469703;4
C14070010323;06082014;44469801;5
C14070010323;06082014;43502001;11
C14070010323;06082014;44318501;6
C14070010323;06082014;44318502;7
C14070010323;06082014;44318503;8
C14070010323;06082014;44318504;13
C14070010323;06082014;43979215;14
C14070010323;06082014;43979001;6
C14070010323;06082014;44064013;3
C14070010323;06082014;44064014;2
C14070010323;06082014;44059213;8
C14070010323;06082014;44059214;7
C14070010323;06082014;44059215;9
C14070010323;06082014;44059216;14
C14070010323;06082014;43501901;8
