C14050000209;10062014;BR10000092;25
C14050000209;10062014;43501901;12
C14050000209;10062014;43979215;54
C14050000209;10062014;44059109;13
C14050000209;10062014;44059110;16
C14050000209;10062014;44059111;11
C14050000209;10062014;44059112;30
C14050000209;10062014;44469801;6
C14050000209;10062014;44035533;8
C14050000209;10062014;44035534;5
C14050000209;10062014;44035535;5
C14050000209;10062014;44035536;12
C14050000209;10062014;43460201;3
C14050000209;10062014;43460202;2
C14050000209;10062014;43460203;5
C14050000209;10062014;43460204;6
C14050000209;10062014;42931602;1
C14050000209;10062014;43449708;2
C14050000209;10062014;44064013;2
C14050000209;10062014;44064014;1
C14050000209;10062014;44064015;1
C14050000209;10062014;44064016;4
C14050000209;10062014;42918901;1
C14050000209;10062014;42918902;1
C14050000209;10062014;42918903;1
C14050000209;10062014;42918904;2
C14050000209;10062014;44469701;7
C14050000209;10062014;44469702;6
C14050000209;10062014;44469703;5
C14050000209;10062014;44289101;23
C14050000209;10062014;52116002;14
C14050000209;10062014;44036041;2
C14050000209;10062014;44036042;3
C14050000209;10062014;44036043;1
C14050000209;10062014;44036044;9
C14050000209;10062014;44917601;128
C14050000209;10062014;43979201;13
C14050000209;10062014;52102001;9
C14050000209;10062014;42869401;1
C14050000209;10062014;43324417;1
C14050000209;10062014;43324419;2
C14050000209;10062014;43324420;1
