C14070015392;01092014;BR10000092;31
C14070015392;01092014;44318604;48
C14070015392;01092014;44318603;58
C14070015392;01092014;44318602;33
C14070015392;01092014;44318601;66
C14070015392;01092014;43324404;3
C14070015392;01092014;43324403;3
C14070015392;01092014;43324402;2
C14070015392;01092014;43381703;1
C14070015392;01092014;43381704;1
C14070015392;01092014;43381702;1
C14070015392;01092014;42869401;1
C14070015392;01092014;42918981;2
C14070015392;01092014;42918982;1
C14070015392;01092014;42918983;2
C14070015392;01092014;42918984;2
C14070015392;01092014;42918101;1
C14070015392;01092014;42918102;1
C14070015392;01092014;42918103;1
C14070015392;01092014;42918104;1
C14070015392;01092014;42126604;1
C14070015392;01092014;42126602;1
C14070015392;01092014;42127401;2
C14070015392;01092014;42127402;1
C14070015392;01092014;42127403;1
C14070015392;01092014;42127404;1
