C14080007570;01102014;44917601;27
C14080007570;01102014;44574301;11
C14080007570;01102014;44318601;7
C14080007570;01102014;44318602;6
C14080007570;01102014;44318603;9
C14080007570;01102014;44318604;11
C14080007570;01102014;44059213;3
C14080007570;01102014;44059214;2
C14080007570;01102014;44059215;4
C14080007570;01102014;44059216;6
C14080007570;01102014;50231970;2
C14080007570;01102014;44036041;5
C14080007570;01102014;44036042;4
C14080007570;01102014;44036043;5
C14080007570;01102014;44036044;8
C14080007570;01102014;43979215;7
C14080007570;01102014;44318501;2
C14080007570;01102014;44318502;2
C14080007570;01102014;44318503;3
C14080007570;01102014;44318504;5
C14080007570;01102014;BR10000092;23
