C14070015120;01092014;42869401;6
C14070015120;01092014;44341901;1
C14070015120;01092014;44289101;3
C14070015120;01092014;44318601;38
C14070015120;01092014;44318602;30
C14070015120;01092014;44318603;34
C14070015120;01092014;44318604;44
C14070015120;01092014;BR10000092;8
C14070015120;01092014;44035533;2
C14070015120;01092014;44035534;11
C14070015120;01092014;44035535;2
C14070015120;01092014;44035536;2
C14070015120;01092014;44318501;9
C14070015120;01092014;44318502;8
C14070015120;01092014;44318503;5
C14070015120;01092014;44318504;10
C14070015120;01092014;44064013;1
C14070015120;01092014;44064014;1
C14070015120;01092014;44036041;12
C14070015120;01092014;44036042;18
C14070015120;01092014;44036043;11
C14070015120;01092014;44036044;20
C14070015120;01092014;44917601;156
C14070015120;01092014;44574301;53
C14070015120;01092014;52116002;6
C14070015120;01092014;50242601;2
