C14080001297;25092014;BR10000092;2
C14080001297;25092014;44341901;1
C14080001297;25092014;44565807;2
C14080001297;25092014;42931602;2
C14080001297;25092014;44036041;6
C14080001297;25092014;44036042;5
C14080001297;25092014;44036043;7
C14080001297;25092014;44036044;9
C14080001297;25092014;43529404;1
C14080001297;25092014;44318501;4
C14080001297;25092014;44318502;3
C14080001297;25092014;44318503;2
C14080001297;25092014;44318504;5
C14080001297;25092014;42931701;1
C14080001297;25092014;43979001;3
C14080001297;25092014;42869401;5
C14080001297;25092014;45460501;6
C14080001297;25092014;45456301;1
C14080001297;25092014;41962803;1
C14080001297;25092014;41962802;1
C14080001297;25092014;44059213;16
C14080001297;25092014;44059214;8
C14080001297;25092014;44059215;7
C14080001297;25092014;44059216;16
C14080001297;25092014;44469801;2
C14080001297;25092014;43979215;2
C14080001297;25092014;44469701;1
C14080001297;25092014;44469702;2
C14080001297;25092014;44469703;1
C14080001297;25092014;44035533;3
C14080001297;25092014;44035534;5
C14080001297;25092014;44035535;3
C14080001297;25092014;44035536;4
C14080001297;25092014;41963001;1
C14080001297;25092014;41963002;1
C14080001297;25092014;41963003;1
C14080001297;25092014;41963004;1
C14080001297;25092014;44318603;9
C14080001297;25092014;44318604;2
