C14050004115;21072014;42918981;1
C14050004115;21072014;42918982;2
C14050004115;21072014;42918983;5
C14050004115;21072014;44036044;1
C14050004115;21072014;44036041;1
C14050004115;21072014;43979001;26
C14050004115;21072014;44917601;16
C14050004115;21072014;43979215;17
C14050004115;21072014;43865717;2
C14050004115;21072014;43865718;1
C14050004115;21072014;43865719;2
C14050004115;21072014;43865720;5
C14050004115;21072014;44574301;7
C14050004115;21072014;42918101;1
C14050004115;21072014;42918103;1
C14050004115;21072014;BR10000092;356
