C14060002700;01072014;BR10000092;19
C14060002700;01072014;52116002;2
C14060002700;01072014;44315304;2
C14060002700;01072014;44315301;2
C14060002700;01072014;44315302;2
C14060002700;01072014;44315303;15
C14060002700;01072014;43865720;8
C14060002700;01072014;43865719;12
C14060002700;01072014;43865718;9
C14060002700;01072014;43865717;16
C14060002700;01072014;44472201;1
C14060002700;01072014;44472601;2
C14060002700;01072014;44494201;3
C14060002700;01072014;44469801;14
C14060002700;01072014;44469701;16
C14060002700;01072014;44469703;18
C14060002700;01072014;43459401;25
C14060002700;01072014;43459402;35
C14060002700;01072014;43459403;28
C14060002700;01072014;43459404;32
C14060002700;01072014;43460201;3
C14060002700;01072014;43460202;5
C14060002700;01072014;43460203;5
C14060002700;01072014;43460204;6
C14060002700;01072014;43377001;1
C14060002700;01072014;42918904;3
C14060002700;01072014;42918102;1
C14060002700;01072014;42918104;1
C14060002700;01072014;42931701;1
C14060002700;01072014;42918101;6
C14060002700;01072014;42918981;6
C14060002700;01072014;42918982;7
C14060002700;01072014;42918983;4
C14060002700;01072014;42918984;1
C14060002700;01072014;43381702;4
C14060002700;01072014;43324401;2
C14060002700;01072014;42869401;1
