C14050009699;01072014;BR10000092;4
C14050009699;01072014;44494201;5
C14050009699;01072014;44318501;9
C14050009699;01072014;44318502;7
C14050009699;01072014;44318503;7
C14050009699;01072014;44318504;14
C14050009699;01072014;44469701;5
C14050009699;01072014;44469702;11
C14050009699;01072014;44469703;9
C14050009699;01072014;44469801;26
C14050009699;01072014;44318601;21
C14050009699;01072014;44318602;23
C14050009699;01072014;44318603;20
C14050009699;01072014;44318604;24
C14050009699;01072014;44059109;13
C14050009699;01072014;44059110;10
C14050009699;01072014;44059111;12
C14050009699;01072014;44059112;15
C14050009699;01072014;43449708;2
