C14080003079;01092014;BR10000092;17
C14080003079;01092014;44494201;2
C14080003079;01092014;44035533;1
C14080003079;01092014;44035534;1
C14080003079;01092014;44035535;1
C14080003079;01092014;44035536;2
C14080003079;01092014;44036041;6
C14080003079;01092014;44036042;5
C14080003079;01092014;44036043;7
C14080003079;01092014;44036044;11
C14080003079;01092014;44315126;2
C14080003079;01092014;43979215;13
C14080003079;01092014;43979001;4
C14080003079;01092014;44917601;5
C14080003079;01092014;44315341;12
C14080003079;01092014;44315342;7
C14080003079;01092014;44315343;6
C14080003079;01092014;44315344;13
