C14050012800;01092014;BR10000092;64
C14050012800;01092014;42126601;1
C14050012800;01092014;42126602;2
C14050012800;01092014;42126603;2
C14050012800;01092014;42126604;1
C14050012800;01092014;44059109;12
C14050012800;01092014;44059110;2
C14050012800;01092014;44059111;2
C14050012800;01092014;44059112;9
C14050012800;01092014;44917601;8
C14050012800;01092014;43449025;2
C14050012800;01092014;43449026;3
C14050012800;01092014;43449027;2
C14050012800;01092014;43449028;6
C14050012800;01092014;43502001;10
C14050012800;01092014;43502301;1
