C14040005666;30042014;BR10000092;8
C14040005666;30042014;44318501;4
C14040005666;30042014;44318502;4
C14040005666;30042014;44318503;4
C14040005666;30042014;44318504;6
C14040005666;30042014;43459301;5
C14040005666;30042014;43459302;5
C14040005666;30042014;43459303;5
C14040005666;30042014;43459304;10
C14040005666;30042014;42931602;2
C14040005666;30042014;52116002;3
C14040005666;30042014;44469801;4
C14040005666;30042014;44318601;15
C14040005666;30042014;44318602;15
C14040005666;30042014;44318603;10
C14040005666;30042014;44318604;10
