C14090006100;28102014;52116002;13
C14090006100;28102014;52123603;5
C14090006100;28102014;44844509;2
C14090006100;28102014;44844510;2
C14090006100;28102014;44844511;2
C14090006100;28102014;44844512;3
C14090006100;28102014;44036041;3
C14090006100;28102014;44036042;3
C14090006100;28102014;44036043;2
C14090006100;28102014;44036044;4
C14090006100;28102014;42931602;1
C14090006100;28102014;43865717;7
C14090006100;28102014;43865718;5
C14090006100;28102014;43865719;6
C14090006100;28102014;43865720;8
C14090006100;28102014;44318601;15
C14090006100;28102014;44318602;13
C14090006100;28102014;44318603;14
C14090006100;28102014;44318604;18
C14090006100;28102014;43979215;18
C14090006100;28102014;44059213;11
C14090006100;28102014;44059214;14
C14090006100;28102014;44059215;14
C14090006100;28102014;44059216;15
C14090006100;28102014;43979101;2
C14090006100;28102014;43979201;2
C14090006100;28102014;43979001;13
C14090006100;28102014;44315101;1
C14090006100;28102014;44315102;1
C14090006100;28102014;44315301;2
C14090006100;28102014;44315302;2
C14090006100;28102014;44315303;2
C14090006100;28102014;43381717;3
C14090006100;28102014;43381718;6
C14090006100;28102014;43381719;4
C14090006100;28102014;43381720;4
C14090006100;28102014;43363421;2
C14090006100;28102014;43324401;5
C14090006100;28102014;43324402;6
C14090006100;28102014;43324403;8
C14090006100;28102014;43324404;9
C14090006100;28102014;44917601;73
C14090006100;28102014;44064013;2
C14090006100;28102014;44064014;3
C14090006100;28102014;44064015;2
C14090006100;28102014;42918981;2
C14090006100;28102014;42918984;4
C14090006100;28102014;42918101;3
C14090006100;28102014;42918102;3
C14090006100;28102014;42918103;2
C14090006100;28102014;42918104;2
C14090006100;28102014;44574301;8
C14090006100;28102014;43324420;1
C14090006100;28102014;43324418;1
C14090006100;28102014;44315342;1
C14090006100;28102014;43502001;18
C14090006100;28102014;43854901;1
C14090006100;28102014;43449708;4
C14090006100;28102014;BR10000092;87
