C14080005012;29092014;44064013;4
C14080005012;29092014;44064014;5
C14080005012;29092014;44064015;3
C14080005012;29092014;44064016;6
C14080005012;29092014;44035533;3
C14080005012;29092014;44035534;2
C14080005012;29092014;44035535;2
C14080005012;29092014;44035536;4
C14080005012;29092014;43979001;5
C14080005012;29092014;43913804;3
C14080005012;29092014;44059216;6
C14080005012;29092014;43979215;8
C14080005012;29092014;44917601;12
C14080005012;29092014;44318601;3
C14080005012;29092014;44318602;3
C14080005012;29092014;44318603;3
C14080005012;29092014;44318604;5
C14080005012;29092014;52116002;8
C14080005012;29092014;42931602;3
C14080005012;29092014;44574301;6
C14080005012;29092014;44036041;4
C14080005012;29092014;44036042;5
C14080005012;29092014;44036043;5
C14080005012;29092014;44036044;6
C14080005012;29092014;42931701;2
C14080005012;29092014;BR10000092;23
