C14100009808;01122014;44574301;28
C14100009808;01122014;44315342;5
C14100009808;01122014;44315341;5
C14100009808;01122014;44315343;10
C14100009808;01122014;44315344;10
C14100009808;01122014;43502001;10
C14100009808;01122014;43979215;8
C14100009808;01122014;43913801;4
C14100009808;01122014;43913802;4
C14100009808;01122014;43913803;4
C14100009808;01122014;43913804;4
C14100009808;01122014;43501901;11
C14100009808;01122014;44315125;3
C14100009808;01122014;44315126;5
C14100009808;01122014;44315127;5
C14100009808;01122014;44318501;6
C14100009808;01122014;44035533;5
C14100009808;01122014;44035534;4
C14100009808;01122014;44035535;3
C14100009808;01122014;44035536;6
C14100009808;01122014;BR10000092;4
C14100009808;01122014;45536521;10
C14100009808;01122014;45536522;5
C14100009808;01122014;45536523;7
C14100009808;01122014;45536524;10
C14100009808;01122014;43979001;5
C14100009808;01122014;44318601;5
C14100009808;01122014;44318602;5
C14100009808;01122014;44318603;5
C14100009808;01122014;44318604;9
