C14100011888;03122014;BR10000092;20
C14100011888;03122014;44035533;3
C14100011888;03122014;44035534;3
C14100011888;03122014;44035535;4
C14100011888;03122014;44035536;6
C14100011888;03122014;44036041;12
C14100011888;03122014;44036042;13
C14100011888;03122014;44036043;13
C14100011888;03122014;44036044;24
C14100011888;03122014;44064016;6
C14100011888;03122014;44318501;7
C14100011888;03122014;44064015;5
C14100011888;03122014;44064013;5
C14100011888;03122014;44064014;4
C14100011888;03122014;44318502;6
C14100011888;03122014;44318503;7
C14100011888;03122014;44318504;9
C14100011888;03122014;44318601;14
C14100011888;03122014;44318602;16
C14100011888;03122014;44318603;13
C14100011888;03122014;44318604;18
C14100011888;03122014;44574301;8
C14100011888;03122014;44917601;23
