C14100011969;01122014;52123603;19
C14100011969;01122014;44574301;20
C14100011969;01122014;52116002;25
C14100011969;01122014;BR10000092;42
C14100011969;01122014;44917601;108
C14100011969;01122014;44035533;4
C14100011969;01122014;44035534;4
C14100011969;01122014;44035535;5
C14100011969;01122014;44035536;8
C14100011969;01122014;44318601;27
C14100011969;01122014;44318602;29
C14100011969;01122014;44318603;29
C14100011969;01122014;44318604;33
C14100011969;01122014;43502001;8
C14100011969;01122014;43979215;21
C14100011969;01122014;43501901;3
C14100011969;01122014;43979001;4
C14100011969;01122014;44036041;12
C14100011969;01122014;44036042;11
C14100011969;01122014;44036043;12
C14100011969;01122014;44036044;12
