C14100007937;10112014;44064016;1
C14100007937;10112014;44064015;2
C14100007937;10112014;44064014;1
C14100007937;10112014;44064013;1
C14100007937;10112014;44917601;13
C14100007937;10112014;52123603;19
C14100007937;10112014;52114502;1
C14100007937;10112014;43460204;1
C14100007937;10112014;43449708;2
C14100007937;10112014;44472201;2
C14100007937;10112014;52116002;9
C14100007937;10112014;44494201;4
C14100007937;10112014;44574301;2
C14100007937;10112014;43979215;3
C14100007937;10112014;BR10000092;37
C14100007937;10112014;43979001;2
C14100007937;10112014;44036044;6
C14100007937;10112014;43459304;6
C14100007937;10112014;44917601;19
C14100007937;10112014;44844509;10
C14100007937;10112014;44844510;3
C14100007937;10112014;44844511;7
C14100007937;10112014;44844512;5
