C14100002544;10112014;43913801;4
C14100002544;10112014;43913802;1
C14100002544;10112014;43913803;1
C14100002544;10112014;43913804;4
C14100002544;10112014;44064013;7
C14100002544;10112014;44064014;5
C14100002544;10112014;44064015;5
C14100002544;10112014;44064016;5
C14100002544;10112014;BR10000092;10
C14100002544;10112014;43449708;1
C14100002544;10112014;42918104;1
C14100002544;10112014;44059213;10
C14100002544;10112014;44059214;2
C14100002544;10112014;44059215;8
C14100002544;10112014;44059216;10
