C14110000374;03122014;44318504;3
C14110000374;03122014;44059111;4
C14110000374;03122014;44059112;4
C14110000374;03122014;44059109;4
C14110000374;03122014;42918104;1
C14110000374;03122014;44318601;4
C14110000374;03122014;44318602;4
C14110000374;03122014;44318603;4
C14110000374;03122014;44318604;4
C14110000374;03122014;44064013;2
C14110000374;03122014;44064014;1
C14110000374;03122014;44064015;2
C14110000374;03122014;44064016;2
C14110000374;03122014;43854901;1
C14110000374;03122014;44574301;4
C14110000374;03122014;42931701;1
C14110000374;03122014;BR10000092;3
C14110000374;03122014;45531212;3
C14110000374;03122014;42918981;2
C14110000374;03122014;42918982;1
C14110000374;03122014;42918983;1
C14110000374;03122014;42918984;2
C14110000374;03122014;42869401;2
C14110000374;03122014;44318501;3
C14110000374;03122014;44318502;2
C14110000374;03122014;44318503;3
C14110000374;03122014;44059110;4
C14110000374;03122014;42918101;2
C14110000374;03122014;42918102;1
C14110000374;03122014;42918103;1
