C14110002822;05012015;BR10000092;6
C14110002822;05012015;44917601;13
C14110002822;05012015;44318601;6
C14110002822;05012015;44318602;7
C14110002822;05012015;44318603;5
C14110002822;05012015;44318604;8
C14110002822;05012015;43979001;3
C14110002822;05012015;42869401;1
C14110002822;05012015;52116002;7
C14110002822;05012015;44574301;6
C14110002822;05012015;44318501;3
C14110002822;05012015;44318503;3
C14110002822;05012015;44318504;5
C14110002822;05012015;43979215;4
C14110002822;05012015;44035533;12
C14110002822;05012015;44035534;3
C14110002822;05012015;44035535;3
C14110002822;05012015;44035536;4
C14110002822;05012015;44036041;6
C14110002822;05012015;44036042;11
C14110002822;05012015;44036043;9
C14110002822;05012015;44036044;8
