C14110006062;29122014;44036041;1
C14110006062;29122014;44036042;11
C14110006062;29122014;44036043;1
C14110006062;29122014;44036044;10
C14110006062;29122014;44574301;3
C14110006062;29122014;43865717;8
C14110006062;29122014;43865718;4
C14110006062;29122014;43865719;5
C14110006062;29122014;43865720;12
C14110006062;29122014;43979001;4
C14110006062;29122014;44341901;5
C14110006062;29122014;44917601;10
C14110006062;29122014;43979215;15
C14110006062;29122014;44318501;9
C14110006062;29122014;44318502;6
C14110006062;29122014;44318503;5
C14110006062;29122014;44318504;10
C14110006062;29122014;43381717;4
C14110006062;29122014;43381718;2
C14110006062;29122014;43381719;3
C14110006062;29122014;43381720;9
C14110006062;29122014;44035533;19
C14110006062;29122014;44318601;5
C14110006062;29122014;44318602;8
C14110006062;29122014;44318603;4
C14110006062;29122014;44318604;9
C14110006062;29122014;44844413;3
C14110006062;29122014;44844414;4
C14110006062;29122014;44844415;2
C14110006062;29122014;44844416;7
C14110006062;29122014;BR10000092;70
