C14100013236;03122014;43459302;3
C14100013236;03122014;43459301;2
C14100013236;03122014;44469701;35
C14100013236;03122014;44469702;36
C14100013236;03122014;44469703;76
C14100013236;03122014;44472201;1
C14100013236;03122014;44494201;2
C14100013236;03122014;BR10000092;126
C14100013236;03122014;52116002;26
C14100013236;03122014;44318601;43
C14100013236;03122014;44318602;43
C14100013236;03122014;44318603;43
C14100013236;03122014;44318604;44
C14100013236;03122014;44036044;8
C14100013236;03122014;43459304;4
C14100013236;03122014;43459303;2
