C15060011465;15072015;44917601;74
C15060011465;15072015;44318604;57
C15060011465;15072015;44318603;31
C15060011465;15072015;44318601;14
C15060011465;15072015;44318602;24
C15060011465;15072015;44318501;6
C15060011465;15072015;42126603;1
C15060011465;15072015;44574301;10
C15060011465;15072015;44315343;3
C15060011465;15072015;44315342;6
C15060011465;15072015;44315341;3
C15060011465;15072015;42127404;1
C15060011465;15072015;44059213;1
C15060011465;15072015;43449708;1
C15060011465;15072015;45435101;1
C15060011465;15072015;52116002;28
C15060011465;15072015;43913804;1
C15060011465;15072015;44565805;1
C15060011465;15072015;45456301;4
C15060011465;15072015;44469801;14
C15060011465;15072015;43979215;30
C15060011465;15072015;43979001;7
C15060011465;15072015;44494201;3
C15060011465;15072015;42869401;2
C15060011465;15072015;44318502;3
C15060011465;15072015;45460501;8
C15060011465;15072015;44469703;7
C15060011465;15072015;44469702;6
C15060011465;15072015;44059110;2
C15060011465;15072015;44059111;3
C15060011465;15072015;44315344;2
C15060011465;15072015;44469701;8
C15060011465;15072015;44036044;1
C15060011465;15072015;BR10000092;8
