C15050002005;13072015;43381701;33
C15050002005;13072015;43381702;26
C15050002005;13072015;43381703;23
C15050002005;13072015;43381704;91
C15050002005;13072015;43979001;88
C15050002005;13072015;44064013;12
C15050002005;13072015;44064014;5
C15050002005;13072015;44064015;7
C15050002005;13072015;44064016;11
C15050002005;13072015;44318501;10
C15050002005;13072015;44318502;8
C15050002005;13072015;44318503;3
C15050002005;13072015;44318504;7
C15050002005;13072015;44917601;200
C15050002005;13072015;BR10000092;378
C15050002005;13072015;43529404;28
C15050002005;13072015;43979215;130
C15050002005;13072015;43324402;24
C15050002005;13072015;43324403;9
C15050002005;13072015;43324401;18
C15050002005;13072015;43502301;32
C15050002005;13072015;44318601;15
C15050002005;13072015;44318602;8
C15050002005;13072015;44318603;5
C15050002005;13072015;44318604;10
C15050002005;13072015;44469801;40
