C15030012773;05052015;43865718;1
C15030012773;05052015;43865719;1
C15030012773;05052015;43865720;1
C15030012773;05052015;44318501;6
C15030012773;05052015;44318502;1
C15030012773;05052015;44318503;1
C15030012773;05052015;44318504;4
C15030012773;05052015;44036041;3
C15030012773;05052015;44036042;1
C15030012773;05052015;44036043;2
C15030012773;05052015;44036044;5
C15030012773;05052015;44574301;6
C15030012773;05052015;52116002;19
C15030012773;05052015;43363421;11
C15030012773;05052015;44315341;6
C15030012773;05052015;44315342;3
C15030012773;05052015;44315343;4
C15030012773;05052015;44315344;5
C15030012773;05052015;43381717;13
C15030012773;05052015;43381718;2
C15030012773;05052015;43381719;1
C15030012773;05052015;43381720;11
C15030012773;05052015;42918101;8
C15030012773;05052015;42918102;8
C15030012773;05052015;42918103;8
C15030012773;05052015;42918104;10
C15030012773;05052015;BR10000092;336
C15030012773;05052015;44917601;16
C15030012773;05052015;43865717;8
