C15040004528;13072015;44917601;68
C15040004528;13072015;43502001;3
C15040004528;13072015;44315341;1
C15040004528;13072015;44315343;5
C15040004528;13072015;44315342;6
C15040004528;13072015;44318603;3
C15040004528;13072015;44315125;2
C15040004528;13072015;44315126;1
C15040004528;13072015;44036044;11
C15040004528;13072015;43854901;5
C15040004528;13072015;43979215;1
C15040004528;13072015;BR10000092;12
C15040004528;13072015;43501901;3
C15040004528;13072015;42918101;2
C15040004528;13072015;42918103;2
C15040004528;13072015;42918104;1
C15040004528;13072015;42918102;1
C15040004528;13072015;44035533;1
C15040004528;13072015;44035536;1
C15040004528;13072015;44035535;1
C15040004528;13072015;42931701;1
C15040004528;13072015;44035534;1
C15040004528;13072015;42918904;1
C15040004528;13072015;42918902;1
C15040004528;13072015;44315344;5
C15040004528;13072015;44318501;1
C15040004528;13072015;44318503;3
C15040004528;13072015;45536521;1
C15040004528;13072015;45536524;1
C15040004528;13072015;44036042;1
C15040004528;13072015;44318601;7
C15040004528;13072015;44318604;3
C15040004528;13072015;44318602;4
C15040004528;13072015;44574301;2
C15040004528;13072015;43324404;1
C15040004528;13072015;52123603;1
C15040004528;13072015;43913804;1
C15040004528;13072015;44318502;1
C15040004528;13072015;44315127;2
C15040004528;13072015;44315128;2
