C15070009927;25082015;44064016;3
C15070009927;25082015;44036041;1
C15070009927;25082015;44036044;2
C15070009927;25082015;44036043;1
C15070009927;25082015;44036042;1
C15070009927;25082015;43381719;7
C15070009927;25082015;43865718;2
C15070009927;25082015;43865720;5
C15070009927;25082015;43865719;5
C15070009927;25082015;43529404;2
C15070009927;25082015;44917601;20
C15070009927;25082015;43979001;18
C15070009927;25082015;43865717;4
C15070009927;25082015;44315304;2
C15070009927;25082015;44315301;1
C15070009927;25082015;44315303;5
C15070009927;25082015;43381720;3
C15070009927;25082015;43381718;5
C15070009927;25082015;43381717;5
C15070009927;25082015;44315128;2
C15070009927;25082015;44318503;1
C15070009927;25082015;44574301;7
C15070009927;25082015;44315343;4
C15070009927;25082015;44315344;8
C15070009927;25082015;44315342;6
C15070009927;25082015;44315341;6
C15070009927;25082015;43979215;43
C15070009927;25082015;44315302;1
C15070009927;25082015;44315101;1
C15070009927;25082015;44315102;1
C15070009927;25082015;44059213;2
C15070009927;25082015;44059215;2
C15070009927;25082015;44059214;3
C15070009927;25082015;BR10000092;48
