C15090005072;28092015;43377001;1
C15090005072;28092015;45396212;1
C15090005072;28092015;43854901;1
C15090005072;28092015;44289101;1
C15090005072;28092015;44318504;1
C15090005072;28092015;52123603;1
C15090005072;28092015;45435101;1
C15090005072;28092015;45460501;1
C15090005072;28092015;44064016;1
C15090005072;28092015;44064015;1
C15090005072;28092015;44064014;1
C15090005072;28092015;43529404;2
C15090005072;28092015;45531502;1
C15090005072;28092015;45103727;1
C15090005072;28092015;45103728;1
C15090005072;28092015;BR10000092;39
C15090005072;28092015;BR10000287;1
C15090005072;28092015;44059215;1
C15090005072;28092015;44059110;1
C15090005072;28092015;45396211;1
C15090005072;28092015;42918982;1
C15090005072;28092015;44059111;1
C15090005072;28092015;44059109;1
C15090005072;28092015;44059112;1
C15090005072;28092015;42918903;1
C15090005072;28092015;45536522;1
C15090005072;28092015;44059214;1
