C15060012356;15072015;44574301;44
C15060012356;15072015;44917601;65
C15060012356;15072015;44315344;2
C15060012356;15072015;43381720;5
C15060012356;15072015;43381718;5
C15060012356;15072015;43381717;6
C15060012356;15072015;43865718;4
C15060012356;15072015;43865717;7
C15060012356;15072015;43865719;5
C15060012356;15072015;43865720;5
C15060012356;15072015;44315101;1
C15060012356;15072015;44315104;2
C15060012356;15072015;44315304;1
C15060012356;15072015;44315125;1
C15060012356;15072015;44315126;2
C15060012356;15072015;44315127;2
C15060012356;15072015;44035536;1
C15060012356;15072015;44064014;2
C15060012356;15072015;43381719;5
C15060012356;15072015;BR10000092;22
