C15070001519;17072015;44036044;41
C15070001519;17072015;44036042;3
C15070001519;17072015;44036043;3
C15070001519;17072015;44036041;3
C15070001519;17072015;44035536;1
C15070001519;17072015;44035534;2
C15070001519;17072015;44035533;2
C15070001519;17072015;44035535;2
C15070001519;17072015;42869401;4
C15070001519;17072015;42931701;3
C15070001519;17072015;44318504;3
C15070001519;17072015;45460501;1
C15070001519;17072015;44574301;1
C15070001519;17072015;43979001;18
C15070001519;17072015;43979215;5
C15070001519;17072015;44318602;4
C15070001519;17072015;44917601;16
C15070001519;17072015;44059111;4
C15070001519;17072015;44059110;2
C15070001519;17072015;44059109;3
C15070001519;17072015;44059112;5
C15070001519;17072015;BR10000092;17
