C15050015255;25082015;BR10000094;200
C15050015255;25082015;BR10000094;100
C15050015255;25082015;43501901;10
C15050015255;25082015;43979215;4
C15050015255;25082015;44917601;111
C15050015255;25082015;44318604;2
C15050015255;25082015;44315341;22
C15050015255;25082015;44315342;21
C15050015255;25082015;44315343;22
C15050015255;25082015;44315344;20
C15050015255;25082015;43865718;6
C15050015255;25082015;43865717;4
C15050015255;25082015;43865719;15
C15050015255;25082015;44574301;18
C15050015255;25082015;43381717;6
C15050015255;25082015;43381718;1
C15050015255;25082015;43381720;1
C15050015255;25082015;43381719;14
C15050015255;25082015;43979001;2
C15050015255;25082015;43865720;18
