C15030004673;06042015;45396210;14
C15030004673;06042015;45396211;11
C15030004673;06042015;43913803;7
C15030004673;06042015;43913804;6
C15030004673;06042015;44341901;23
C15030004673;06042015;43979101;20
C15030004673;06042015;BR10000092;48
C15030004673;06042015;44064013;13
C15030004673;06042015;44064014;9
C15030004673;06042015;44064015;7
C15030004673;06042015;44318603;8
C15030004673;06042015;44318604;4
C15030004673;06042015;45460501;23
C15030004673;06042015;45396209;23
C15030004673;06042015;45396212;43
C15030004673;06042015;43913801;11
C15030004673;06042015;43913802;8
C15030004673;06042015;44064016;10
C15030004673;06042015;44318601;12
C15030004673;06042015;44318602;10
