C15020009192;26032015;52123603;36
C15020009192;26032015;42918101;28
C15020009192;26032015;42918102;14
C15020009192;26032015;42918103;16
C15020009192;26032015;42918104;18
C15020009192;26032015;52116002;17
C15020009192;26032015;44318601;23
C15020009192;26032015;44318602;16
C15020009192;26032015;44318603;17
C15020009192;26032015;44318604;19
C15020009192;26032015;44917601;40
C15020009192;26032015;44064013;23
C15020009192;26032015;44064014;24
C15020009192;26032015;44064015;26
C15020009192;26032015;44064016;27
C15020009192;26032015;44574301;23
C15020009192;26032015;42918981;12
C15020009192;26032015;42918982;10
C15020009192;26032015;42918983;10
C15020009192;26032015;42918984;16
C15020009192;26032015;BR10000092;216
