C15110005439;30112015;44318502;21
C15110005439;30112015;44318501;20
C15110005439;30112015;44318503;25
C15110005439;30112015;44318504;30
C15110005439;30112015;43866103;28
C15110005439;30112015;43866102;30
C15110005439;30112015;43866101;25
C15110005439;30112015;42918104;15
C15110005439;30112015;44035534;12
C15110005439;30112015;44035535;13
C15110005439;30112015;44035533;6
C15110005439;30112015;44035536;19
C15110005439;30112015;42918982;20
C15110005439;30112015;42918983;10
C15110005439;30112015;42918981;8
C15110005439;30112015;42931701;4
C15110005439;30112015;42918984;7
C15110005439;30112015;BR10000092;1
