C15120009623;11022016;44574301;13
C15120009623;11022016;45536537;11
C15120009623;11022016;44917601;26
C15120009623;11022016;44469802;13
C15120009623;11022016;44318602;21
C15120009623;11022016;44318604;16
C15120009623;11022016;44318603;21
C15120009623;11022016;44318601;25
C15120009623;11022016;44318501;26
C15120009623;11022016;44318503;20
C15120009623;11022016;44318504;16
C15120009623;11022016;44318502;14
C15120009623;11022016;45536522;13
C15120009623;11022016;45536521;21
C15120009623;11022016;45536523;12
C15120009623;11022016;45536524;21
C15120009623;11022016;43979101;19
C15120009623;11022016;43979001;17
C15120009623;11022016;BR10000092;28
