C15100001325;19102015;44469801;51
C15100001325;19102015;44059110;18
C15100001325;19102015;44059111;9
C15100001325;19102015;44059109;12
C15100001325;19102015;44059112;16
C15100001325;19102015;44064014;22
C15100001325;19102015;44064013;19
C15100001325;19102015;44064015;11
C15100001325;19102015;44064016;21
C15100001325;19102015;44318601;19
C15100001325;19102015;44318602;24
C15100001325;19102015;44318603;18
C15100001325;19102015;44318604;28
C15100001325;19102015;BR10000092;1
C15100001325;19102015;44036044;16
C15100001325;19102015;44036042;12
C15100001325;19102015;44036041;18
C15100001325;19102015;44036043;10
