C16020003257;08032016;42931602;1
C16020003257;08032016;44574301;2
C16020003257;08032016;45460501;1
C16020003257;08032016;43501901;12
C16020003257;08032016;43979215;24
C16020003257;08032016;45396211;2
C16020003257;08032016;44318601;4
C16020003257;08032016;43979001;4
C16020003257;08032016;44917601;1
C16020003257;08032016;44315341;4
C16020003257;08032016;44315344;3
C16020003257;08032016;44315343;3
C16020003257;08032016;44315342;2
C16020003257;08032016;44318604;3
C16020003257;08032016;44318602;5
C16020003257;08032016;45396212;4
C16020003257;08032016;43866101;2
C16020003257;08032016;45807115;1
C16020003257;08032016;44844510;2
C16020003257;08032016;44844509;2
C16020003257;08032016;44844511;3
C16020003257;08032016;BR10000092;4
