C16030008766;31032016;44318501;21
C16030008766;31032016;44318601BR;23
C16030008766;31032016;44318502;30
C16030008766;31032016;44318604BR;58
C16030008766;31032016;42931701;3
C16030008766;31032016;44036044BR;39
C16030008766;31032016;45396211;66
C16030008766;31032016;45396209;106
C16030008766;31032016;44059112;32
C16030008766;31032016;44318504;24
C16030008766;31032016;44289101;4
C16030008766;31032016;44035535;10
C16030008766;31032016;45460501;17
C16030008766;31032016;44341901;2
C16030008766;31032016;43979215;10
