C16030007956;31032016;44315341;8
C16030007956;31032016;44469703;6
C16030007956;31032016;44574301;22
C16030007956;31032016;44844413;1
C16030007956;31032016;44844416;1
C16030007956;31032016;44844415;1
C16030007956;31032016;44844414;1
C16030007956;31032016;45536521BR;3
C16030007956;31032016;42918984;5
C16030007956;31032016;44565807;8
C16030007956;31032016;44289101;2
C16030007956;31032016;44315128;4
C16030007956;31032016;44315126;2
C16030007956;31032016;44318604;10
C16030007956;31032016;44315342;9
C16030007956;31032016;44917601;7
C16030007956;31032016;43501901;1
C16030007956;31032016;44035535;1
C16030007956;31032016;44494201;1
C16030007956;31032016;44315125;3
C16030007956;31032016;44315127;2
