C16030001753;15032016;44318503;2
C16030001753;15032016;44315128;5
C16030001753;15032016;44469702;1
C16030001753;15032016;44574301;27
C16030001753;15032016;44315342;2
C16030001753;15032016;52116002;6
C16030001753;15032016;44035535;1
C16030001753;15032016;44035534;1
C16030001753;15032016;44035536;2
C16030001753;15032016;44035533;2
C16030001753;15032016;42918103;1
C16030001753;15032016;44036044;27
C16030001753;15032016;44315344;15
C16030001753;15032016;44036041;6
C16030001753;15032016;43449028;1
C16030001753;15032016;43854901;3
C16030001753;15032016;44315125;2
C16030001753;15032016;44315127;2
C16030001753;15032016;43381719;4
C16030001753;15032016;43979001;4
C16030001753;15032016;44315341;9
C16030001753;15032016;44318602;9
C16030001753;15032016;44315343;8
C16030001753;15032016;44844509;1
C16030001753;15032016;43381717;2
C16030001753;15032016;43979215;7
C16030001753;15032016;44341901;2
C16030001753;15032016;BR10000092;9
