C16030005660;23032016;44036044;12
C16030005660;23032016;44036043;3
C16030005660;23032016;42918981;4
C16030005660;23032016;44036042;3
C16030005660;23032016;43979215;15
C16030005660;23032016;43979001;17
C16030005660;23032016;44318604BR;10
C16030005660;23032016;44318602BR;6
C16030005660;23032016;44318603BR;6
C16030005660;23032016;44035534;1
C16030005660;23032016;44035536;1
C16030005660;23032016;42918104;1
C16030005660;23032016;44844413;1
C16030005660;23032016;44844416;1
C16030005660;23032016;44848804;1
C16030005660;23032016;44318601;5
C16030005660;23032016;44318501;2
C16030005660;23032016;43854901;1
C16030005660;23032016;44574301;1
