C16020004229;23032016;42918982;4
C16020004229;23032016;45536523BR;6
C16020004229;23032016;45536524;5
C16020004229;23032016;44844512;6
C16020004229;23032016;44059215;9
C16020004229;23032016;44318603BR;25
C16020004229;23032016;45460501;52
C16020004229;23032016;52123603;19
C16020004229;23032016;44917601;57
C16020004229;23032016;44574301;25
C16020004229;23032016;43979215;43
C16020004229;23032016;52116002;42
C16020004229;23032016;43865720;7
C16020004229;23032016;44059216;20
C16020004229;23032016;44036044;15
C16020004229;23032016;42869401;7
C16020004229;23032016;43865718;15
C16020004229;23032016;42918981;7
C16020004229;23032016;44494201;3
C16020004229;23032016;42918102;7
C16020004229;23032016;42918101;8
C16020004229;23032016;42918103;17
C16020004229;23032016;44064016;12
C16020004229;23032016;44064014;12
C16020004229;23032016;44064015;24
C16020004229;23032016;44064013;33
