C16030008928;31032016;44064013;2
C16030008928;31032016;44064015;3
C16030008928;31032016;44064014;3
C16030008928;31032016;44064016;5
C16030008928;31032016;44574301;18
C16030008928;31032016;44469703;4
C16030008928;31032016;52123603;14
C16030008928;31032016;44469702;12
C16030008928;31032016;44469701;44
C16030008928;31032016;44844511;9
C16030008928;31032016;45103727;2
C16030008928;31032016;45103725;2
C16030008928;31032016;52116002;10
C16030008928;31032016;44318604BR;10
C16030008928;31032016;44035534;1
C16030008928;31032016;44289101;2
C16030008928;31032016;44472601;2
C16030008928;31032016;44059110;12
C16030008928;31032016;44059109;19
C16030008928;31032016;44318603BR;9
C16030008928;31032016;44059112;38
C16030008928;31032016;43449708;1
C16030008928;31032016;44341901;1
C16030008928;31032016;43979001;62
C16030008928;31032016;44565807;1
C16030008928;31032016;44318504;1
C16030008928;31032016;45536523;2
C16030008928;31032016;42918103;4
C16030008928;31032016;44844416;1
C16030008928;31032016;43529404;1
C16030008928;31032016;44494201;1
