C16030004345;17032016;44318603;16
C16030004345;17032016;44318601;18
C16030004345;17032016;44318602;24
C16030004345;17032016;44318604;40
C16030004345;17032016;44289101;10
C16030004345;17032016;45396209;6
C16030004345;17032016;45396211;5
C16030004345;17032016;45396210;9
C16030004345;17032016;45396212;5
C16030004345;17032016;44469801;15
C16030004345;17032016;44574301;2
C16030004345;17032016;52116002;1
C16030004345;17032016;44494201;1
C16030004345;17032016;44472201;4
C16030004345;17032016;BR10000092;418
