C16110005453;10012017;45460512;8
C16110005453;10012017;44574301;54
C16110005453;10012017;44565805;18
C16110005453;10012017;45456301;21
C16110005453;10012017;44318502;8
C16110005453;10012017;45435101;12
C16110005453;10012017;45103726;34
C16110005453;10012017;52116002;22
C16110005453;10012017;45103727;18
C16110005453;10012017;45103725;32
C16110005453;10012017;45103728;50
C16110005453;10012017;45536523;34
C16110005453;10012017;45536521;19
C16110005453;10012017;45536522;36
C16110005453;10012017;45536524;53
C16110005453;10012017;43865720;17
C16110005453;10012017;44315342;28
C16110005453;10012017;44318602;27
C16110005453;10012017;44318601;27
C16110005453;10012017;44917617;145
C16110005453;10012017;BR10000092;133
