C18080000889;13082018;45862824;3
C18080000889;13082018;45862827;2
C18080000889;13082018;45862826;2
C18080000889;13082018;45862825;3
C18080000889;13082018;45536522;5
C18080000889;13082018;45536523;5
C18080000889;13082018;45103763;3
C18080000889;13082018;45536542;5
C18080000889;13082018;44036044;3
C18080000889;13082018;45536537;4
C18080000889;13082018;45536521;2
C18080000889;13082018;45103728;2
C18080000889;13082018;45103726;3
C18080000889;13082018;45536524;1
C18080000889;13082018;44318531;1
C18080000889;13082018;45536438;1
C18080000889;13082018;45103727;1
C18080000889;13082018;45460512;1
C18080000889;13082018;45103725;1
C18080000889;13082018;45103729;1
C18080000889;13082018;45103730;1
C18080000889;13082018;BR10000092;8
