C18050002905;08062018;45536522;26
C18050002905;08062018;45536521;31
C18050002905;08062018;45536523;33
C18050002905;08062018;45536537;58
C18050002905;08062018;44494201;6
C18050002905;08062018;42918104;2
C18050002905;08062018;45531122;12
C18050002905;08062018;44848811;2
C18050002905;08062018;44472201;3
C18050002905;08062018;45456306;23
C18050002905;08062018;44318604;48
C18050002905;08062018;41963001;10
C18050002905;08062018;41963002;12
C18050002905;08062018;41304208;8
C18050002905;08062018;45531502;13
C18050002905;08062018;44035536;2
C18050002905;08062018;45103725;1
C18050002905;08062018;44574320;6
C18050002905;08062018;42918982;3
C18050002905;08062018;42918903;3
C18050002905;08062018;42869401;6
C18050002905;08062018;44574301;10
C18050002905;08062018;44917617;19
C18050002905;08062018;52116002;3
C18050002905;08062018;BR10000287;36
