C12030006744;27082012;43865717;1
C12030006744;27082012;43865718;1
C12030006744;27082012;43865719;1
C12030006744;27082012;43865720;2
C12030006744;27082012;44059213;2
C12030006744;27082012;44059214;3
C12030006744;27082012;44059215;2
C12030006744;27082012;44059216;5
C12030006744;27082012;43866101;1
C12030006744;27082012;43866102;1
C12030006744;27082012;43866103;1
C12030006744;27082012;43866104;1
C12030006744;27082012;42377801;10
C12030006744;27082012;43363401;1
C12030006744;27082012;43363201;1
C12030006744;27082012;41945521;1
C12030006744;27082012;41962801;1
C12030006744;27082012;41962802;1
C12030006744;27082012;41962803;1
C12030006744;27082012;41962804;2
C12030006744;27082012;52114501;26
C12030006744;27082012;52114502;10