C08120004807;17122008;42102801;1
C08120004807;17122008;41962801;10
C08120004807;17122008;41962802;14
C08120004807;17122008;41962803;16
C08120004807;17122008;41962804;15
C08120004807;17122008;56120401;4
C08120004807;17122008;41945601;4
C08120004807;17122008;43502001;12
C08120004807;17122008;41945501;6
C08120004807;17122008;41946001;3
C08120004807;17122008;42931601;3
C08120004807;17122008;42931701;1
C08120004807;17122008;42869401;4
C08120004807;17122008;57100101;1
C08120004807;17122008;50231970;2
C08120004807;17122008;42918101;4
C08120004807;17122008;42918102;3
C08120004807;17122008;42918103;2
C08120004807;17122008;42918104;6
C08120004807;17122008;42918901;4
C08120004807;17122008;42918902;7
C08120004807;17122008;42918903;4
C08120004807;17122008;42918904;8
C08120004807;17122008;41945601;3
C08120004807;17122008;41963401;5
C08120004807;17122008;41963402;5
C08120004807;17122008;41963403;4
C08120004807;17122008;41963404;5
C08120004807;17122008;41946101;1
C08120004807;17122008;41963601;4
C08120004807;17122008;41963602;4
C08120004807;17122008;41963603;3
C08120004807;17122008;41963604;10
C08120004807;17122008;41963001;10
C08120004807;17122008;41963002;8
C08120004807;17122008;41963003;11
C08120004807;17122008;41963004;18
C08120004807;17122008;56115001;11
C08120004807;17122008;52116002;8
C08120004807;17122008;52114502;3
C08120004807;17122008;42918101;4
C08120004807;17122008;42918102;3
C08120004807;17122008;42918103;3
C08120004807;17122008;42918104;1
C08120004807;17122008;56115001;9
C08120004807;17122008;41963401;2
C08120004807;17122008;41963402;3
C08120004807;17122008;41963403;4
C08120004807;17122008;41963404;5
C08120004807;17122008;52116002;4
C08120004807;17122008;52114502;1
C08120004807;17122008;42918901;1
C08120004807;17122008;42918902;1
C08120004807;17122008;42918903;2
C08120004807;17122008;42918904;1
C08120004807;17122008;41963001;16
C08120004807;17122008;41963002;17
C08120004807;17122008;41963003;15
C08120004807;17122008;41963004;28
C08120004807;17122008;41963601;5
C08120004807;17122008;41963602;4
C08120004807;17122008;41963603;3
C08120004807;17122008;41963604;8
C08120004807;17122008;56120401;2
C08120004807;17122008;42931701;2
C08120004807;17122008;50224901;1
C08120004807;17122008;41946101;3
C08120004807;17122008;41945601;4
C08120004807;17122008;42931601;1
C08120004807;17122008;41946001;2
C08120004807;17122008;41945501;2
C08120004807;17122008;41962801;8
C08120004807;17122008;41962802;6
C08120004807;17122008;41962803;5
C08120004807;17122008;41962804;11