C10110004636;11032011;44059109;6
C10110004636;11032011;44059110;5
C10110004636;11032011;44059111;6
C10110004636;11032011;44059112;8
C10110004636;11032011;44064013;1
C10110004636;11032011;44064014;1
C10110004636;11032011;44064015;1
C10110004636;11032011;44064016;1
C10110004636;11032011;43324401;7
C10110004636;11032011;43324402;8
C10110004636;11032011;43324403;5
C10110004636;11032011;43324404;10
C10110004636;11032011;42918981;5
C10110004636;11032011;42918982;4
C10110004636;11032011;42918983;3
C10110004636;11032011;42918984;2