C11020006360;18082011;41962804;12
C11020006360;18082011;41945521;2
C11020006360;18082011;42102901;2
C11020006360;18082011;43502001;21
C11020006360;18082011;43501901;7
C11020006360;18082011;56120401;10
C11020006360;18082011;41963001;24
C11020006360;18082011;41963002;29
C11020006360;18082011;41963003;18
C11020006360;18082011;41963003;10
C11020006360;18082011;41963004;24
C11020006360;18082011;41962801;2
C11020006360;18082011;41962802;3
C11020006360;18082011;41962803;9
C11020006360;18082011;42869401;7
C11020006360;18082011;42931701;1
C11020006360;18082011;42931602;2
C11020006360;18082011;42918901;7
C11020006360;18082011;42918902;11
C11020006360;18082011;42918904;12
C11020006360;18082011;42918903;9
C11020006360;18082011;52116002;51
C11020006360;18082011;50231970;2
C11020006360;18082011;50224901;1
C11020006360;18082011;57100101;1
C11020006360;18082011;56115001;31
C11020006360;18082011;43979215;59
C11020006360;18082011;43979001;25