C09080002947;17082009;41962801;5
C09080002947;17082009;41962802;6
C09080002947;17082009;41962803;4
C09080002947;17082009;41962804;6
C09080002947;17082009;41963001;18
C09080002947;17082009;41963002;11
C09080002947;17082009;41963003;13
C09080002947;17082009;41963004;12
C09080002947;17082009;42102801;9
C09080002947;17082009;42102901;23
C09080002947;17082009;42126601;1
C09080002947;17082009;42126602;3
C09080002947;17082009;42126603;2
C09080002947;17082009;42126604;3
C09080002947;17082009;42127401;3
C09080002947;17082009;42127402;4
C09080002947;17082009;42127403;7
C09080002947;17082009;42127404;5
C09080002947;17082009;42869401;7
C09080002947;17082009;42918102;1
C09080002947;17082009;42918103;14
C09080002947;17082009;42918104;1
C09080002947;17082009;42918901;18
C09080002947;17082009;42918902;17
C09080002947;17082009;42918903;8
C09080002947;17082009;42918904;25
C09080002947;17082009;42918982;1
C09080002947;17082009;42918983;1
C09080002947;17082009;42918984;2
C09080002947;17082009;42931601;3
C09080002947;17082009;42931701;1
C09080002947;17082009;43324401;3
C09080002947;17082009;43324402;2
C09080002947;17082009;43324403;2
C09080002947;17082009;43324404;3
C09080002947;17082009;43324417;9
C09080002947;17082009;43324418;6
C09080002947;17082009;43324419;8
C09080002947;17082009;43324420;14
C09080002947;17082009;43381703;1
C09080002947;17082009;43381704;1
C09080002947;17082009;43381717;7
C09080002947;17082009;43381718;7
C09080002947;17082009;43381719;6
C09080002947;17082009;43381720;8
C09080002947;17082009;43487735;1
C09080002947;17082009;43501901;6
C09080002947;17082009;43502001;9
C09080002947;17082009;43502301;2
C09080002947;17082009;50231970;2
C09080002947;17082009;52116002;88
C09080002947;17082009;56115001;10
C09080002947;17082009;56116101;30
C09080002947;17082009;56120301;4
C09080002947;17082009;57100101;1
C09080002947;17082009;52114502;11