C08090000400;30102008;41962801;1
C08090000400;30102008;41962802;1
C08090000400;30102008;41962803;1
C08090000400;30102008;42126601;2
C08090000400;30102008;42126602;1
C08090000400;30102008;42126603;1
C08090000400;30102008;42126604;1
C08090000400;30102008;42918101;2
C08090000400;30102008;42918102;3
C08090000400;30102008;42918103;3
C08090000400;30102008;42918104;4
C08090000400;30102008;52114502;8
C08090000400;30102008;52116002;13
C08090000400;30102008;43460201;1
C08090000400;30102008;43460202;1
C08090000400;30102008;43460203;1
C08090000400;30102008;43460204;2
C08090000400;30102008;43324401;8
C08090000400;30102008;43324402;7
C08090000400;30102008;43324403;5
C08090000400;30102008;43324404;11
C08090000400;30102008;41963001;12
C08090000400;30102008;41963002;13
C08090000400;30102008;41963003;15
C08090000400;30102008;41963004;12
C08090000400;30102008;43324418;1
C08090000400;30102008;43324419;1
C08090000400;30102008;43324417;2
C08090000400;30102008;43324420;1
C08090000400;30102008;42918901;8
C08090000400;30102008;42918902;8
C08090000400;30102008;42918903;8
C08090000400;30102008;42918904;7
C08090000400;30102008;43381701;5
C08090000400;30102008;43381702;3
C08090000400;30102008;43381703;4
C08090000400;30102008;43381704;7
C08090000400;30102008;42918982;1
C08090000400;30102008;42127404;3
C08090000400;30102008;43501901;2
C08090000400;30102008;43502301;8
C08090000400;30102008;43363401;1
C08090000400;30102008;43363201;1
C08090000400;30102008;42625501;1
C08090000400;30102008;43459301;1
C08090000400;30102008;43459302;3
C08090000400;30102008;43459303;3
C08090000400;30102008;43459304;6