C08090000248;30092008;41945501;22
C08090000248;30092008;41945601;32
C08090000248;30092008;41946001;1
C08090000248;30092008;41946101;8
C08090000248;30092008;41962801;94
C08090000248;30092008;41962802;69
C08090000248;30092008;41962803;70
C08090000248;30092008;41962804;81
C08090000248;30092008;41963001;145
C08090000248;30092008;41963002;122
C08090000248;30092008;41963003;159
C08090000248;30092008;41963004;147
C08090000248;30092008;41963401;11
C08090000248;30092008;41963402;10
C08090000248;30092008;41963403;8
C08090000248;30092008;41963404;14
C08090000248;30092008;41963601;41
C08090000248;30092008;41963602;24
C08090000248;30092008;41963603;8
C08090000248;30092008;41963604;16
C08090000248;30092008;42102901;26
C08090000248;30092008;42103001;4
C08090000248;30092008;42126601;46
C08090000248;30092008;42126602;46
C08090000248;30092008;42126603;44
C08090000248;30092008;42126604;54
C08090000248;30092008;42127401;59
C08090000248;30092008;42127402;70
C08090000248;30092008;42127403;74
C08090000248;30092008;42127404;99
C08090000248;30092008;42158711;2
C08090000248;30092008;42804501;4
C08090000248;30092008;42804502;4
C08090000248;30092008;42804503;4
C08090000248;30092008;42804504;11
C08090000248;30092008;42869401;16
C08090000248;30092008;42918101;13
C08090000248;30092008;42918102;17
C08090000248;30092008;42918103;13
C08090000248;30092008;42918104;14
C08090000248;30092008;42918901;58
C08090000248;30092008;42918902;72
C08090000248;30092008;42918903;57
C08090000248;30092008;42918904;78
C08090000248;30092008;42918981;12
C08090000248;30092008;42918982;12
C08090000248;30092008;42918983;7
C08090000248;30092008;42918984;11
C08090000248;30092008;42931601;2
C08090000248;30092008;42931701;7
C08090000248;30092008;43324401;30
C08090000248;30092008;43324402;35
C08090000248;30092008;43324403;32
C08090000248;30092008;43324404;49
C08090000248;30092008;43324417;11
C08090000248;30092008;43324418;10
C08090000248;30092008;43324419;8
C08090000248;30092008;43324420;18
C08090000248;30092008;43363201;2
C08090000248;30092008;43363401;1
C08090000248;30092008;43381701;2
C08090000248;30092008;43381702;5
C08090000248;30092008;43381703;4
C08090000248;30092008;43381704;2
C08090000248;30092008;43381717;2
C08090000248;30092008;43381718;2
C08090000248;30092008;43381719;3
C08090000248;30092008;43381720;3
C08090000248;30092008;43381901;22
C08090000248;30092008;43381902;21
C08090000248;30092008;43381903;20
C08090000248;30092008;43381904;30
C08090000248;30092008;43459301;10
C08090000248;30092008;43459302;12
C08090000248;30092008;43459303;12
C08090000248;30092008;43459304;32
C08090000248;30092008;43459401;3
C08090000248;30092008;43459402;3
C08090000248;30092008;43459403;3
C08090000248;30092008;43459404;3
C08090000248;30092008;43460201;2
C08090000248;30092008;43460202;1
C08090000248;30092008;43460203;1
C08090000248;30092008;43501901;2
C08090000248;30092008;43502001;18
C08090000248;30092008;43502301;9
C08090000248;30092008;52114501;27
C08090000248;30092008;52114502;131
C08090000248;30092008;52116002;138